1	2	1	2
1	3	1	3
2	4	2	9
2	5	2	7
2	6	2	4
2	7	2	6
2	8	2	5
2	9	2	8
2	10	2	10
3	11	3	21
3	12	3	15
3	13	3	12
3	14	3	22
3	15	3	11
3	16	3	17
3	17	3	14
3	18	3	18
3	19	3	23
3	20	3	20
3	21	3	16
3	22	3	13
3	23	3	19
5	25	5	38
5	26	5	37
5	27	5	34
5	28	5	36
5	29	5	27
5	30	5	32
5	31	5	39
5	32	5	28
5	33	5	31
5	34	5	33
5	35	5	40
5	36	5	26
5	37	5	41
5	38	5	35
5	39	5	25
5	40	5	29
5	41	5	30
6	42	6	43
6	43	6	61
6	44	6	55
6	45	6	47
6	46	6	62
6	47	6	52
6	48	6	59
6	49	6	66
6	50	6	63
6	51	6	56
6	52	6	50
6	53	6	53
6	54	6	44
6	55	6	51
6	56	6	58
6	57	6	46
6	58	6	45
6	59	6	49
6	60	6	48
6	61	6	67
6	62	6	64
6	63	6	54
6	64	6	42
6	65	6	60
6	66	6	65
6	67	6	57
7	68	7	84
7	69	7	82
7	70	7	74
7	71	7	83
7	72	7	75
7	73	7	71
7	74	7	81
7	75	7	73
7	76	7	79
7	77	7	76
7	78	7	68
7	79	7	70
7	80	7	77
7	81	7	72
7	82	7	78
7	83	7	80
7	84	7	69
8	85	8	87
8	86	8	88
8	87	8	90
8	88	8	89
8	89	8	99
8	90	8	97
8	91	8	93
8	92	8	94
8	93	8	86
8	94	8	96
8	95	8	95
8	96	8	92
8	97	8	98
8	98	8	85
8	99	8	91
8	100	8	100
10	102	10	104
10	103	10	102
10	104	10	103
11	105	11	105
11	106	11	107
11	107	11	109
11	108	11	108
11	109	11	110
11	110	11	106
12	111	12	118
12	112	12	116
12	113	12	117
12	114	12	112
12	115	12	115
12	116	12	113
12	117	12	111
12	118	12	114
13	119	13	123
13	120	13	124
13	121	13	126
13	122	13	125
13	123	13	119
13	124	13	121
13	125	13	122
13	126	13	120
14	127	14	134
14	128	14	142
14	129	14	135
14	130	14	133
14	131	14	136
14	132	14	129
14	133	14	137
14	134	14	130
14	135	14	138
14	136	14	132
14	137	14	131
14	138	14	140
14	139	14	128
14	140	14	127
14	141	14	141
14	142	14	139
15	143	15	151
15	144	15	150
15	145	15	148
15	146	15	145
15	147	15	152
15	148	15	153
15	149	15	154
15	150	15	143
15	151	15	149
15	152	15	147
15	153	15	146
15	154	15	144
16	155	16	165
16	156	16	159
16	157	16	160
16	158	16	155
16	159	16	156
16	160	16	164
16	161	16	161
16	162	16	166
16	163	16	157
16	164	16	163
16	165	16	162
16	166	16	158
17	167	17	168
17	168	17	170
17	169	17	169
17	170	17	171
17	171	17	167
18	172	18	174
18	173	18	175
18	174	18	172
18	175	18	179
18	176	18	178
18	177	18	177
18	178	18	176
18	179	18	173
19	180	19	191
19	181	19	186
19	182	19	190
19	183	19	184
19	184	19	185
19	185	19	189
19	186	19	180
19	187	19	187
19	188	19	182
19	189	19	181
19	190	19	188
19	191	19	183
19	192	19	192
20	193	20	197
20	194	20	193
20	195	20	195
20	196	20	199
20	197	20	196
20	198	20	198
20	199	20	194
21	200	21	200
21	201	21	201
22	202	22	203
22	203	22	202
24	205	24	207
24	206	24	216
24	207	24	208
24	208	24	215
24	209	24	213
24	210	24	209
24	211	24	212
24	212	24	206
24	213	24	205
24	214	24	217
24	215	24	218
24	216	24	210
24	217	24	211
24	218	24	214
25	219	25	220
25	220	25	219
26	221	26	229
26	222	26	225
26	223	26	222
26	224	26	230
26	225	26	226
26	226	26	227
26	227	26	228
26	228	26	231
26	229	26	221
26	230	26	223
26	231	26	224
27	232	27	232
27	233	27	233
28	234	28	238
28	235	28	237
28	236	28	234
28	237	28	235
28	238	28	236
29	239	29	243
29	240	29	242
29	241	29	240
29	242	29	246
29	243	29	244
29	244	29	239
29	245	29	245
29	246	29	241
30	247	30	250
30	248	30	247
30	249	30	249
30	250	30	248
31	251	31	251
31	252	31	252
32	253	32	254
32	254	32	253
33	255	33	260
33	256	33	265
33	257	33	263
33	258	33	261
33	259	33	259
33	260	33	258
33	261	33	264
33	262	33	266
33	263	33	257
33	264	33	256
33	265	33	255
33	266	33	262
35	268	35	270
35	269	35	275
35	270	35	281
35	271	35	268
35	272	35	269
35	273	35	280
35	274	35	279
35	275	35	276
35	276	35	283
35	277	35	282
35	278	35	271
35	279	35	274
35	280	35	273
35	281	35	278
35	282	35	277
35	283	35	272
36	284	36	284
36	285	36	305
36	286	36	290
36	287	36	294
36	288	36	295
36	289	36	285
36	290	36	293
36	291	36	286
36	292	36	297
36	293	36	289
36	294	36	291
36	295	36	299
36	296	36	303
36	297	36	304
36	298	36	302
36	299	36	292
36	300	36	287
36	301	36	300
36	302	36	298
36	303	36	288
36	304	36	307
36	305	36	306
36	306	36	301
36	307	36	296
37	308	37	315
37	309	37	311
37	310	37	316
37	311	37	322
37	312	37	309
37	313	37	310
37	314	37	318
37	315	37	317
37	316	37	312
37	317	37	313
37	318	37	308
37	319	37	314
37	320	37	320
37	321	37	319
37	322	37	321
39	324	39	332
39	325	39	331
39	326	39	324
39	327	39	328
39	328	39	334
39	329	39	330
39	330	39	329
39	331	39	340
39	332	39	333
39	333	39	325
39	334	39	337
39	335	39	326
39	336	39	327
39	337	39	338
39	338	39	336
39	339	39	339
39	340	39	335
40	341	40	344
40	342	40	346
40	343	40	345
40	344	40	343
40	345	40	342
40	346	40	341
41	347	41	352
41	348	41	348
41	349	41	355
41	350	41	351
41	351	41	349
41	352	41	356
41	353	41	358
41	354	41	354
41	355	41	347
41	356	41	357
41	357	41	350
41	358	41	353
42	359	42	361
42	360	42	366
42	361	42	359
42	362	42	364
42	363	42	360
42	364	42	365
42	365	42	362
42	366	42	363
43	367	43	371
43	368	43	368
43	369	43	369
43	370	43	370
43	371	43	367
44	372	44	372
44	373	44	376
44	374	44	382
44	375	44	378
44	376	44	385
44	377	44	373
44	378	44	379
44	379	44	380
44	380	44	374
44	381	44	384
44	382	44	375
44	383	44	383
44	384	44	386
44	385	44	377
44	386	44	381
48	390	48	398
48	391	48	393
48	392	48	391
48	393	48	390
48	394	48	395
48	395	48	397
48	396	48	396
48	397	48	392
48	398	48	399
48	399	48	400
48	400	48	394
50	402	50	402
50	403	50	404
50	404	50	406
50	405	50	403
50	406	50	405
51	407	51	410
51	408	51	412
51	409	51	411
51	410	51	408
51	411	51	409
51	412	51	407
52	413	52	415
52	414	52	418
52	415	52	413
52	416	52	416
52	417	52	414
52	418	52	417
53	419	53	422
53	420	53	424
53	421	53	420
53	422	53	421
53	423	53	419
53	424	53	423
53	425	53	425
53	426	53	426
54	427	54	429
54	428	54	428
54	429	54	432
54	430	54	427
54	431	54	436
54	432	54	435
54	433	54	431
54	434	54	434
54	435	54	437
54	436	54	430
54	437	54	433
55	438	55	438
55	439	55	444
55	440	55	442
55	441	55	441
55	442	55	440
55	443	55	439
55	444	55	443
56	445	56	448
56	446	56	447
56	447	56	450
56	448	56	446
56	449	56	451
56	450	56	449
56	451	56	445
58	453	58	453
58	454	58	455
58	455	58	458
58	456	58	454
58	457	58	457
58	458	58	456
59	459	59	460
59	460	59	459
60	461	60	463
60	462	60	467
60	463	60	465
60	464	60	462
60	465	60	461
60	466	60	464
60	467	60	466
61	468	61	471
61	469	61	468
61	470	61	470
61	471	61	475
61	472	61	473
61	473	61	469
61	474	61	476
61	475	61	472
61	476	61	474
62	477	62	484
62	478	62	481
62	479	62	483
62	480	62	480
62	481	62	478
62	482	62	482
62	483	62	485
62	484	62	487
62	485	62	486
62	486	62	488
62	487	62	477
62	488	62	479
63	489	63	490
63	490	63	496
63	491	63	501
63	492	63	502
63	493	63	495
63	494	63	510
63	495	63	497
63	496	63	500
63	497	63	508
63	498	63	509
63	499	63	499
63	500	63	492
63	501	63	506
63	502	63	511
63	503	63	491
63	504	63	503
63	505	63	493
63	506	63	505
63	507	63	498
63	508	63	504
63	509	63	489
63	510	63	494
63	511	63	507
64	512	64	513
64	513	64	512
64	514	64	518
64	515	64	514
64	516	64	517
64	517	64	515
64	518	64	516
65	519	65	520
65	520	65	521
65	521	65	526
65	522	65	528
65	523	65	519
65	524	65	524
65	525	65	527
65	526	65	522
65	527	65	525
65	528	65	523
66	529	66	529
66	530	66	530
67	531	67	532
67	532	67	534
67	533	67	531
67	534	67	535
67	535	67	533
68	536	68	536
68	537	68	542
68	538	68	541
68	539	68	538
68	540	68	540
68	541	68	539
68	542	68	537
69	543	69	548
69	544	69	544
69	545	69	549
69	546	69	547
69	547	69	543
69	548	69	546
69	549	69	545
70	550	70	558
70	551	70	555
70	552	70	560
70	553	70	551
70	554	70	550
70	555	70	562
70	556	70	561
70	557	70	552
70	558	70	554
70	559	70	556
70	560	70	553
70	561	70	559
70	562	70	557
71	563	71	578
71	564	71	573
71	565	71	567
71	566	71	576
71	567	71	565
71	568	71	577
71	569	71	568
71	570	71	570
71	571	71	564
71	572	71	571
71	573	71	563
71	574	71	569
71	575	71	579
71	576	71	572
71	577	71	566
71	578	71	575
71	579	71	574
72	580	72	589
72	581	72	593
72	582	72	595
72	583	72	585
72	584	72	586
72	585	72	582
72	586	72	596
72	587	72	587
72	588	72	590
72	589	72	584
72	590	72	591
72	591	72	580
72	592	72	581
72	593	72	594
72	594	72	592
72	595	72	588
72	596	72	583
73	597	73	605
73	598	73	617
73	599	73	621
73	600	73	610
73	601	73	608
73	602	73	602
73	603	73	606
73	604	73	607
73	605	73	597
73	606	73	613
73	607	73	615
73	608	73	619
73	609	73	620
73	610	73	612
73	611	73	611
73	612	73	600
73	613	73	604
73	614	73	623
73	615	73	618
73	616	73	614
73	617	73	599
73	618	73	609
73	619	73	622
73	620	73	601
73	621	73	624
73	622	73	603
73	623	73	598
73	624	73	616
74	625	74	632
74	626	74	640
74	627	74	633
74	628	74	656
74	629	74	657
74	630	74	630
74	631	74	654
74	632	74	639
74	633	74	627
74	634	74	645
74	635	74	649
74	636	74	626
74	637	74	628
74	638	74	648
74	639	74	631
74	640	74	650
74	641	74	643
74	642	74	638
74	643	74	651
74	644	74	655
74	645	74	634
74	646	74	629
74	647	74	644
74	648	74	642
74	649	74	641
74	650	74	625
74	651	74	646
74	652	74	635
74	653	74	652
74	654	74	636
74	655	74	637
74	656	74	653
74	657	74	647
75	658	75	658
75	659	75	661
75	660	75	660
75	661	75	659
75	662	75	662
76	663	76	667
76	664	76	666
76	665	76	665
76	666	76	663
76	667	76	664
76	668	76	668
77	669	77	674
77	670	77	675
77	671	77	669
77	672	77	672
77	673	77	671
77	674	77	673
77	675	77	670
77	676	77	678
77	677	77	677
77	678	77	676
78	679	78	686
78	680	78	689
78	681	78	702
78	682	78	683
78	683	78	703
78	684	78	695
78	685	78	704
78	686	78	688
78	687	78	698
78	688	78	690
78	689	78	684
78	690	78	701
78	691	78	699
78	692	78	687
78	693	78	692
78	694	78	700
78	695	78	680
78	696	78	682
78	697	78	693
78	698	78	696
78	699	78	681
78	700	78	685
78	701	78	691
78	702	78	697
78	703	78	679
78	704	78	694
79	705	79	705
79	706	79	707
79	707	79	708
79	708	79	709
79	709	79	706
80	710	80	714
80	711	80	712
80	712	80	713
80	713	80	711
80	714	80	710
81	715	81	716
81	716	81	717
81	717	81	715
82	718	82	721
82	719	82	720
82	720	82	722
82	721	82	723
82	722	82	719
82	723	82	718
82	724	82	724
82	725	82	725
83	726	83	739
83	727	83	737
83	728	83	731
83	729	83	738
83	730	83	735
83	731	83	736
83	732	83	730
83	733	83	728
83	734	83	734
83	735	83	733
83	736	83	741
83	737	83	732
83	738	83	726
83	739	83	727
83	740	83	729
83	741	83	740
84	742	84	749
84	743	84	744
84	744	84	743
84	745	84	747
84	746	84	745
84	747	84	748
84	748	84	746
84	749	84	751
84	750	84	750
84	751	84	742
85	752	85	759
85	753	85	771
85	754	85	763
85	755	85	761
85	756	85	755
85	757	85	758
85	758	85	754
85	759	85	770
85	760	85	753
85	761	85	756
85	762	85	765
85	763	85	752
85	764	85	762
85	765	85	760
85	766	85	766
85	767	85	772
85	768	85	768
85	769	85	767
85	770	85	769
85	771	85	764
85	772	85	757
86	773	86	781
86	774	86	773
86	775	86	775
86	776	86	777
86	777	86	778
86	778	86	779
86	779	86	776
86	780	86	774
86	781	86	780
87	782	87	784
87	783	87	798
87	784	87	790
87	785	87	813
87	786	87	789
87	787	87	806
87	788	87	788
87	789	87	796
87	790	87	794
87	791	87	799
87	792	87	791
87	793	87	810
87	794	87	802
87	795	87	787
87	796	87	807
87	797	87	793
87	798	87	809
87	799	87	803
87	800	87	792
87	801	87	812
87	802	87	786
87	803	87	800
87	804	87	801
87	805	87	783
87	806	87	804
87	807	87	805
87	808	87	785
87	809	87	811
87	810	87	808
87	811	87	795
87	812	87	797
87	813	87	782
88	814	88	815
88	815	88	818
88	816	88	823
88	817	88	820
88	818	88	822
88	819	88	821
88	820	88	824
88	821	88	816
88	822	88	814
88	823	88	817
88	824	88	819
89	825	89	826
89	826	89	825
90	827	90	828
90	828	90	829
90	829	90	827
91	830	91	837
91	831	91	836
91	832	91	835
91	833	91	834
91	834	91	833
91	835	91	832
91	836	91	831
91	837	91	830
92	838	92	838
92	839	92	844
92	840	92	843
92	841	92	840
92	842	92	841
92	843	92	839
92	844	92	842
93	845	93	850
93	846	93	845
93	847	93	855
93	848	93	852
93	849	93	856
93	850	93	846
93	851	93	854
93	852	93	853
93	853	93	849
93	854	93	851
93	855	93	859
93	856	93	847
93	857	93	857
93	858	93	858
93	859	93	848
94	860	94	870
94	861	94	875
94	862	94	861
94	863	94	865
94	864	94	867
94	865	94	873
94	866	94	868
94	867	94	869
94	868	94	863
94	869	94	866
94	870	94	874
94	871	94	871
94	872	94	864
94	873	94	862
94	874	94	872
94	875	94	860
95	876	95	889
95	877	95	892
95	878	95	893
95	879	95	882
95	880	95	884
95	881	95	880
95	882	95	878
95	883	95	894
95	884	95	895
95	885	95	881
95	886	95	877
95	887	95	885
95	888	95	886
95	889	95	876
95	890	95	891
95	891	95	896
95	892	95	883
95	893	95	879
95	894	95	887
95	895	95	888
95	896	95	890
98	899	98	911
98	900	98	912
98	901	98	906
98	902	98	920
98	903	98	917
98	904	98	914
98	905	98	909
98	906	98	922
98	907	98	903
98	908	98	915
98	909	98	921
98	910	98	908
98	911	98	900
98	912	98	918
98	913	98	919
98	914	98	902
98	915	98	907
98	916	98	905
98	917	98	910
98	918	98	904
98	919	98	916
98	920	98	899
98	921	98	913
98	922	98	901
99	923	99	926
99	924	99	925
99	925	99	931
99	926	99	924
99	927	99	923
99	928	99	929
99	929	99	927
99	930	99	928
99	931	99	930
100	932	100	937
100	933	100	932
100	934	100	934
100	935	100	938
100	936	100	933
100	937	100	939
100	938	100	935
100	939	100	936
101	940	101	942
101	941	101	940
101	942	101	941
101	943	101	944
101	944	101	943
102	945	102	946
102	946	102	948
102	947	102	949
102	948	102	945
102	949	102	947
102	950	102	950
103	951	103	965
103	952	103	958
103	953	103	967
103	954	103	968
103	955	103	955
103	956	103	964
103	957	103	953
103	958	103	969
103	959	103	966
103	960	103	959
103	961	103	957
103	962	103	970
103	963	103	963
103	964	103	962
103	965	103	954
103	966	103	961
103	967	103	956
103	968	103	960
103	969	103	952
103	970	103	951
104	971	104	983
104	972	104	986
104	973	104	977
104	974	104	975
104	975	104	984
104	976	104	985
104	977	104	972
104	978	104	989
104	979	104	979
104	980	104	973
104	981	104	982
104	982	104	987
104	983	104	981
104	984	104	976
104	985	104	988
104	986	104	978
104	987	104	974
104	988	104	971
104	989	104	980
105	990	105	990
105	991	105	994
105	992	105	999
105	993	105	1001
105	994	105	995
105	995	105	997
105	996	105	991
105	997	105	993
105	998	105	996
105	999	105	992
105	1000	105	1000
105	1001	105	998
106	1002	106	1023
106	1003	106	1022
106	1004	106	1003
106	1005	106	1019
106	1006	106	1002
106	1007	106	1014
106	1008	106	1009
106	1009	106	1024
106	1010	106	1008
106	1011	106	1007
106	1012	106	1005
106	1013	106	1006
106	1014	106	1012
106	1015	106	1020
106	1016	106	1010
106	1017	106	1018
106	1018	106	1021
106	1019	106	1004
106	1020	106	1016
106	1021	106	1017
106	1022	106	1015
106	1023	106	1013
106	1024	106	1011
107	1025	107	1032
107	1026	107	1033
107	1027	107	1028
107	1028	107	1026
107	1029	107	1030
107	1030	107	1034
107	1031	107	1027
107	1032	107	1029
107	1033	107	1031
107	1034	107	1025
108	1035	108	1036
108	1036	108	1046
108	1037	108	1044
108	1038	108	1040
108	1039	108	1047
108	1040	108	1041
108	1041	108	1038
108	1042	108	1035
108	1043	108	1037
108	1044	108	1039
108	1045	108	1048
108	1046	108	1042
108	1047	108	1043
108	1048	108	1045
109	1049	109	1053
109	1050	109	1060
109	1051	109	1050
109	1052	109	1055
109	1053	109	1061
109	1054	109	1052
109	1055	109	1059
109	1056	109	1062
109	1057	109	1054
109	1058	109	1058
109	1059	109	1049
109	1060	109	1056
109	1061	109	1051
109	1062	109	1057
110	1063	110	1063
110	1064	110	1066
110	1065	110	1064
110	1066	110	1065
111	1067	111	1067
111	1068	111	1073
111	1069	111	1074
111	1070	111	1070
111	1071	111	1069
111	1072	111	1072
111	1073	111	1068
111	1074	111	1077
111	1075	111	1075
111	1076	111	1071
111	1077	111	1076
112	1078	112	1078
112	1079	112	1081
112	1080	112	1079
112	1081	112	1080
113	1082	113	1083
113	1083	113	1082
113	1084	113	1084
114	1085	114	1085
114	1086	114	1087
114	1087	114	1086
114	1088	114	1088
115	1089	115	1089
115	1090	115	1090
116	1091	116	1094
116	1092	116	1097
116	1093	116	1096
116	1094	116	1098
116	1095	116	1095
116	1096	116	1093
116	1097	116	1092
116	1098	116	1091
118	1100	118	1104
118	1101	118	1106
118	1102	118	1102
118	1103	118	1105
118	1104	118	1103
118	1105	118	1101
118	1106	118	1100
119	1107	119	1109
119	1108	119	1115
119	1109	119	1121
119	1110	119	1112
119	1111	119	1117
119	1112	119	1110
119	1113	119	1108
119	1114	119	1120
119	1115	119	1116
119	1116	119	1114
119	1117	119	1118
119	1118	119	1119
119	1119	119	1113
119	1120	119	1107
119	1121	119	1111
120	1122	120	1144
120	1123	120	1131
120	1124	120	1122
120	1125	120	1128
120	1126	120	1145
120	1127	120	1129
120	1128	120	1123
120	1129	120	1140
120	1130	120	1127
120	1131	120	1132
120	1132	120	1135
120	1133	120	1141
120	1134	120	1142
120	1135	120	1148
120	1136	120	1124
120	1137	120	1126
120	1138	120	1139
120	1139	120	1149
120	1140	120	1130
120	1141	120	1138
120	1142	120	1137
120	1143	120	1136
120	1144	120	1125
120	1145	120	1143
120	1146	120	1147
120	1147	120	1134
120	1148	120	1133
120	1149	120	1146
121	1150	121	1153
121	1151	121	1166
121	1152	121	1171
121	1153	121	1157
121	1154	121	1168
121	1155	121	1151
121	1156	121	1160
121	1157	121	1165
121	1158	121	1164
121	1159	121	1167
121	1160	121	1163
121	1161	121	1175
121	1162	121	1169
121	1163	121	1162
121	1164	121	1155
121	1165	121	1154
121	1166	121	1161
121	1167	121	1152
121	1168	121	1170
121	1169	121	1150
121	1170	121	1172
121	1171	121	1174
121	1172	121	1156
121	1173	121	1173
121	1174	121	1158
121	1175	121	1159
122	1176	122	1187
122	1177	122	1179
122	1178	122	1181
122	1179	122	1183
122	1180	122	1178
122	1181	122	1177
122	1182	122	1182
122	1183	122	1184
122	1184	122	1176
122	1185	122	1186
122	1186	122	1180
122	1187	122	1185
123	1188	123	1194
123	1189	123	1196
123	1190	123	1199
123	1191	123	1190
123	1192	123	1197
123	1193	123	1200
123	1194	123	1189
123	1195	123	1188
123	1196	123	1198
123	1197	123	1191
123	1198	123	1195
123	1199	123	1192
123	1200	123	1193
124	1201	124	1201
124	1202	124	1204
124	1203	124	1205
124	1204	124	1202
124	1205	124	1203
124	1206	124	1206
124	1207	124	1207
125	1208	125	1230
125	1209	125	1209
125	1210	125	1213
125	1211	125	1219
125	1212	125	1214
125	1213	125	1227
125	1214	125	1228
125	1215	125	1229
125	1216	125	1218
125	1217	125	1221
125	1218	125	1225
125	1219	125	1222
125	1220	125	1210
125	1221	125	1212
125	1222	125	1211
125	1223	125	1220
125	1224	125	1232
125	1225	125	1208
125	1226	125	1226
125	1227	125	1216
125	1228	125	1224
125	1229	125	1223
125	1230	125	1231
125	1231	125	1217
125	1232	125	1215
126	1233	126	1237
126	1234	126	1233
126	1235	126	1236
126	1236	126	1234
126	1237	126	1240
126	1238	126	1238
126	1239	126	1239
126	1240	126	1235
127	1241	127	1244
127	1242	127	1243
127	1243	127	1241
127	1244	127	1242
128	1245	128	1245
128	1246	128	1251
128	1247	128	1249
128	1248	128	1247
128	1249	128	1248
128	1250	128	1250
128	1251	128	1246
129	1252	129	1253
129	1253	129	1258
129	1254	129	1263
129	1255	129	1255
129	1256	129	1259
129	1257	129	1260
129	1258	129	1261
129	1259	129	1262
129	1260	129	1254
129	1261	129	1252
129	1262	129	1256
129	1263	129	1257
130	1264	130	1270
130	1265	130	1276
130	1266	130	1282
130	1267	130	1278
130	1268	130	1267
130	1269	130	1281
130	1270	130	1264
130	1271	130	1271
130	1272	130	1284
130	1273	130	1285
130	1274	130	1266
130	1275	130	1273
130	1276	130	1279
130	1277	130	1274
130	1278	130	1280
130	1279	130	1268
130	1280	130	1265
130	1281	130	1269
130	1282	130	1277
130	1283	130	1275
130	1284	130	1283
130	1285	130	1272
131	1286	131	1289
131	1287	131	1292
131	1288	131	1288
131	1289	131	1286
131	1290	131	1293
131	1291	131	1287
131	1292	131	1290
131	1293	131	1291
132	1294	132	1308
132	1295	132	1305
132	1296	132	1300
132	1297	132	1298
132	1298	132	1299
132	1299	132	1306
132	1300	132	1301
132	1301	132	1297
132	1302	132	1295
132	1303	132	1296
132	1304	132	1303
132	1305	132	1294
132	1306	132	1304
132	1307	132	1302
132	1308	132	1307
133	1309	133	1309
133	1310	133	1313
133	1311	133	1312
133	1312	133	1310
133	1313	133	1311
134	1314	134	1326
134	1315	134	1323
134	1316	134	1325
134	1317	134	1322
134	1318	134	1329
134	1319	134	1328
134	1320	134	1330
134	1321	134	1332
134	1322	134	1316
134	1323	134	1315
134	1324	134	1317
134	1325	134	1327
134	1326	134	1324
134	1327	134	1331
134	1328	134	1318
134	1329	134	1321
134	1330	134	1314
134	1331	134	1319
134	1332	134	1320
135	1333	135	1354
135	1334	135	1350
135	1335	135	1343
135	1336	135	1347
135	1337	135	1335
135	1338	135	1337
135	1339	135	1353
135	1340	135	1336
135	1341	135	1338
135	1342	135	1346
135	1343	135	1342
135	1344	135	1333
135	1345	135	1352
135	1346	135	1334
135	1347	135	1340
135	1348	135	1344
135	1349	135	1341
135	1350	135	1345
135	1351	135	1351
135	1352	135	1339
135	1353	135	1349
135	1354	135	1348
136	1355	136	1378
136	1356	136	1377
136	1357	136	1359
136	1358	136	1357
136	1359	136	1368
136	1360	136	1367
136	1361	136	1372
136	1362	136	1355
136	1363	136	1381
136	1364	136	1363
136	1365	136	1369
136	1366	136	1361
136	1367	136	1366
136	1368	136	1364
136	1369	136	1374
136	1370	136	1380
136	1371	136	1360
136	1372	136	1376
136	1373	136	1356
136	1374	136	1358
136	1375	136	1371
136	1376	136	1365
136	1377	136	1379
136	1378	136	1370
136	1379	136	1375
136	1380	136	1382
136	1381	136	1362
136	1382	136	1373
137	1383	137	1393
137	1384	137	1392
137	1385	137	1387
137	1386	137	1386
137	1387	137	1384
137	1388	137	1388
137	1389	137	1389
137	1390	137	1385
137	1391	137	1383
137	1392	137	1391
137	1393	137	1390
138	1394	138	1397
138	1395	138	1399
138	1396	138	1394
138	1397	138	1401
138	1398	138	1402
138	1399	138	1400
138	1400	138	1396
138	1401	138	1395
138	1402	138	1398
139	1403	139	1408
139	1404	139	1403
139	1405	139	1406
139	1406	139	1405
139	1407	139	1404
139	1408	139	1410
139	1409	139	1409
139	1410	139	1407
140	1411	140	1413
140	1412	140	1411
140	1413	140	1414
140	1414	140	1412
141	1415	141	1416
141	1416	141	1415
141	1417	141	1418
141	1418	141	1417
141	1419	141	1420
141	1420	141	1419
142	1421	142	1421
142	1422	142	1423
142	1423	142	1422
143	1424	143	1434
143	1425	143	1426
143	1426	143	1427
143	1427	143	1431
143	1428	143	1432
143	1429	143	1428
143	1430	143	1430
143	1431	143	1425
143	1432	143	1424
143	1433	143	1429
143	1434	143	1433
144	1435	144	1438
144	1436	144	1436
144	1437	144	1439
144	1438	144	1435
144	1439	144	1440
144	1440	144	1437
145	1441	145	1446
145	1442	145	1447
145	1443	145	1443
145	1444	145	1445
145	1445	145	1442
145	1446	145	1444
145	1447	145	1448
145	1448	145	1441
145	1449	145	1449
146	1450	146	1454
146	1451	146	1453
146	1452	146	1455
146	1453	146	1452
146	1454	146	1451
146	1455	146	1450
147	1456	147	1456
147	1457	147	1457
147	1458	147	1458
147	1459	147	1459
148	1460	148	1471
148	1461	148	1467
148	1462	148	1463
148	1463	148	1477
148	1464	148	1461
148	1465	148	1472
148	1466	148	1473
148	1467	148	1474
148	1468	148	1470
148	1469	148	1469
148	1470	148	1476
148	1471	148	1465
148	1472	148	1464
148	1473	148	1460
148	1474	148	1462
148	1475	148	1479
148	1476	148	1466
148	1477	148	1468
148	1478	148	1478
148	1479	148	1475
149	1480	149	1486
149	1481	149	1483
149	1482	149	1484
149	1483	149	1481
149	1484	149	1485
149	1485	149	1480
149	1486	149	1487
149	1487	149	1482
150	1488	150	1489
150	1489	150	1510
150	1490	150	1501
150	1491	150	1516
150	1492	150	1491
150	1493	150	1503
150	1494	150	1517
150	1495	150	1505
150	1496	150	1513
150	1497	150	1515
150	1498	150	1490
150	1499	150	1494
150	1500	150	1504
150	1501	150	1512
150	1502	150	1500
150	1503	150	1514
150	1504	150	1497
150	1505	150	1511
150	1506	150	1495
150	1507	150	1496
150	1508	150	1488
150	1509	150	1506
150	1510	150	1493
150	1511	150	1499
150	1512	150	1507
150	1513	150	1508
150	1514	150	1509
150	1515	150	1502
150	1516	150	1492
150	1517	150	1498
151	1518	151	1524
151	1519	151	1523
151	1520	151	1518
151	1521	151	1527
151	1522	151	1519
151	1523	151	1522
151	1524	151	1529
151	1525	151	1520
151	1526	151	1521
151	1527	151	1526
151	1528	151	1528
151	1529	151	1525
152	1530	152	1535
152	1531	152	1538
152	1532	152	1533
152	1533	152	1537
152	1534	152	1530
152	1535	152	1534
152	1536	152	1532
152	1537	152	1536
152	1538	152	1539
152	1539	152	1541
152	1540	152	1540
152	1541	152	1531
152	1542	152	1542
153	1543	153	1547
153	1544	153	1544
153	1545	153	1549
153	1546	153	1543
153	1547	153	1548
153	1548	153	1546
153	1549	153	1545
154	1550	154	1554
154	1551	154	1555
154	1552	154	1550
154	1553	154	1551
154	1554	154	1553
154	1555	154	1552
155	1556	155	1561
155	1557	155	1556
155	1558	155	1559
155	1559	155	1560
155	1560	155	1557
155	1561	155	1558
156	1562	156	1570
156	1563	156	1566
156	1564	156	1576
156	1565	156	1569
156	1566	156	1575
156	1567	156	1568
156	1568	156	1562
156	1569	156	1563
156	1570	156	1573
156	1571	156	1564
156	1572	156	1571
156	1573	156	1567
156	1574	156	1574
156	1575	156	1572
156	1576	156	1565
157	1577	157	1579
157	1578	157	1578
157	1579	157	1577
158	1580	158	1585
158	1581	158	1586
158	1582	158	1582
158	1583	158	1581
158	1584	158	1580
158	1585	158	1590
158	1586	158	1583
158	1587	158	1588
158	1588	158	1587
158	1589	158	1584
158	1590	158	1589
158	1591	158	1591
158	1592	158	1592
159	1593	159	1601
159	1594	159	1596
159	1595	159	1599
159	1596	159	1600
159	1597	159	1598
159	1598	159	1607
159	1599	159	1594
159	1600	159	1603
159	1601	159	1605
159	1602	159	1597
159	1603	159	1595
159	1604	159	1606
159	1605	159	1604
159	1606	159	1593
159	1607	159	1602
160	1608	160	1626
160	1609	160	1616
160	1610	160	1624
160	1611	160	1610
160	1612	160	1622
160	1613	160	1632
160	1614	160	1618
160	1615	160	1621
160	1616	160	1625
160	1617	160	1628
160	1618	160	1613
160	1619	160	1619
160	1620	160	1615
160	1621	160	1609
160	1622	160	1630
160	1623	160	1631
160	1624	160	1617
160	1625	160	1620
160	1626	160	1612
160	1627	160	1614
160	1628	160	1611
160	1629	160	1608
160	1630	160	1627
160	1631	160	1629
160	1632	160	1623
161	1633	161	1656
161	1634	161	1641
161	1635	161	1660
161	1636	161	1659
161	1637	161	1650
161	1638	161	1644
161	1639	161	1657
161	1640	161	1647
161	1641	161	1646
161	1642	161	1633
161	1643	161	1635
161	1644	161	1637
161	1645	161	1662
161	1646	161	1642
161	1647	161	1640
161	1648	161	1651
161	1649	161	1643
161	1650	161	1654
161	1651	161	1634
161	1652	161	1648
161	1653	161	1649
161	1654	161	1661
161	1655	161	1652
161	1656	161	1655
161	1657	161	1639
161	1658	161	1658
161	1659	161	1636
161	1660	161	1638
161	1661	161	1645
161	1662	161	1653
162	1663	162	1668
162	1664	162	1663
162	1665	162	1666
162	1666	162	1667
162	1667	162	1665
162	1668	162	1664
163	1669	163	1685
163	1670	163	1676
163	1671	163	1689
163	1672	163	1675
163	1673	163	1681
163	1674	163	1669
163	1675	163	1673
163	1676	163	1688
163	1677	163	1682
163	1678	163	1690
163	1679	163	1683
163	1680	163	1686
163	1681	163	1674
163	1682	163	1687
163	1683	163	1677
163	1684	163	1679
163	1685	163	1672
163	1686	163	1680
163	1687	163	1670
163	1688	163	1678
163	1689	163	1671
163	1690	163	1684
166	1693	166	1720
166	1694	166	1712
166	1695	166	1700
166	1696	166	1710
166	1697	166	1694
166	1698	166	1698
166	1699	166	1702
166	1700	166	1693
166	1701	166	1711
166	1702	166	1705
166	1703	166	1713
166	1704	166	1696
166	1705	166	1717
166	1706	166	1699
166	1707	166	1701
166	1708	166	1721
166	1709	166	1706
166	1710	166	1719
166	1711	166	1715
166	1712	166	1709
166	1713	166	1708
166	1714	166	1714
166	1715	166	1697
166	1716	166	1703
166	1717	166	1707
166	1718	166	1704
166	1719	166	1718
166	1720	166	1695
166	1721	166	1716
167	1722	167	1733
167	1723	167	1723
167	1724	167	1724
167	1725	167	1732
167	1726	167	1728
167	1727	167	1734
167	1728	167	1727
167	1729	167	1729
167	1730	167	1722
167	1731	167	1725
167	1732	167	1730
167	1733	167	1731
167	1734	167	1726
168	1735	168	1737
168	1736	168	1735
168	1737	168	1738
168	1738	168	1736
169	1739	169	1748
169	1740	169	1741
169	1741	169	1742
169	1742	169	1740
169	1743	169	1744
169	1744	169	1746
169	1745	169	1743
169	1746	169	1739
169	1747	169	1745
169	1748	169	1747
170	1749	170	1750
170	1750	170	1749
172	1752	172	1755
172	1753	172	1752
172	1754	172	1756
172	1755	172	1758
172	1756	172	1753
172	1757	172	1754
172	1758	172	1759
172	1759	172	1757
173	1760	173	1765
173	1761	173	1776
173	1762	173	1783
173	1763	173	1766
173	1764	173	1779
173	1765	173	1777
173	1766	173	1775
173	1767	173	1780
173	1768	173	1769
173	1769	173	1761
173	1770	173	1781
173	1771	173	1782
173	1772	173	1760
173	1773	173	1767
173	1774	173	1771
173	1775	173	1763
173	1776	173	1778
173	1777	173	1772
173	1778	173	1774
173	1779	173	1770
173	1780	173	1764
173	1781	173	1768
173	1782	173	1762
173	1783	173	1773
174	1784	174	1785
174	1785	174	1786
174	1786	174	1789
174	1787	174	1788
174	1788	174	1784
174	1789	174	1787
174	1790	174	1790
174	1791	174	1792
174	1792	174	1791
175	1793	175	1794
175	1794	175	1793
176	1795	176	1807
176	1796	176	1803
176	1797	176	1801
176	1798	176	1808
176	1799	176	1798
176	1800	176	1795
176	1801	176	1802
176	1802	176	1800
176	1803	176	1797
176	1804	176	1806
176	1805	176	1796
176	1806	176	1804
176	1807	176	1809
176	1808	176	1805
176	1809	176	1799
177	1810	177	1812
177	1811	177	1814
177	1812	177	1816
177	1813	177	1810
177	1814	177	1815
177	1815	177	1813
177	1816	177	1811
178	1817	178	1822
178	1818	178	1821
178	1819	178	1824
178	1820	178	1819
178	1821	178	1823
178	1822	178	1818
178	1823	178	1820
178	1824	178	1817
179	1825	179	1829
179	1826	179	1836
179	1827	179	1826
179	1828	179	1840
179	1829	179	1835
179	1830	179	1832
179	1831	179	1830
179	1832	179	1837
179	1833	179	1825
179	1834	179	1834
179	1835	179	1828
179	1836	179	1833
179	1837	179	1827
179	1838	179	1838
179	1839	179	1839
179	1840	179	1831
180	1841	180	1842
180	1842	180	1841
180	1843	180	1849
180	1844	180	1843
180	1845	180	1844
180	1846	180	1846
180	1847	180	1848
180	1848	180	1845
180	1849	180	1847
180	1850	180	1850
181	1851	181	1868
181	1852	181	1866
181	1853	181	1867
181	1854	181	1860
181	1855	181	1857
181	1856	181	1864
181	1857	181	1865
181	1858	181	1871
181	1859	181	1855
181	1860	181	1851
181	1861	181	1863
181	1862	181	1859
181	1863	181	1856
181	1864	181	1858
181	1865	181	1869
181	1866	181	1870
181	1867	181	1852
181	1868	181	1861
181	1869	181	1873
181	1870	181	1853
181	1871	181	1872
181	1872	181	1854
181	1873	181	1862
182	1874	182	1887
182	1875	182	1885
182	1876	182	1881
182	1877	182	1888
182	1878	182	1883
182	1879	182	1875
182	1880	182	1876
182	1881	182	1878
182	1882	182	1882
182	1883	182	1884
182	1884	182	1886
182	1885	182	1879
182	1886	182	1890
182	1887	182	1877
182	1888	182	1889
182	1889	182	1880
182	1890	182	1874
183	1891	183	1894
183	1892	183	1892
183	1893	183	1901
183	1894	183	1893
183	1895	183	1902
183	1896	183	1904
183	1897	183	1897
183	1898	183	1900
183	1899	183	1891
183	1900	183	1899
183	1901	183	1903
183	1902	183	1896
183	1903	183	1895
183	1904	183	1898
184	1905	184	1908
184	1906	184	1910
184	1907	184	1906
184	1908	184	1909
184	1909	184	1907
184	1910	184	1905
185	1911	185	1933
185	1912	185	1926
185	1913	185	1917
185	1914	185	1923
185	1915	185	1920
185	1916	185	1940
185	1917	185	1913
185	1918	185	1929
185	1919	185	1939
185	1920	185	1914
185	1921	185	1932
185	1922	185	1919
185	1923	185	1931
185	1924	185	1936
185	1925	185	1916
185	1926	185	1922
185	1927	185	1937
185	1928	185	1912
185	1929	185	1927
185	1930	185	1918
185	1931	185	1930
185	1932	185	1921
185	1933	185	1934
185	1934	185	1925
185	1935	185	1928
185	1936	185	1924
185	1937	185	1915
185	1938	185	1935
185	1939	185	1911
185	1940	185	1938
186	1941	186	1944
186	1942	186	1949
186	1943	186	1945
186	1944	186	1943
186	1945	186	1955
186	1946	186	1946
186	1947	186	1956
186	1948	186	1954
186	1949	186	1961
186	1950	186	1958
186	1951	186	1959
186	1952	186	1952
186	1953	186	1962
186	1954	186	1950
186	1955	186	1960
186	1956	186	1953
186	1957	186	1963
186	1958	186	1951
186	1959	186	1942
186	1960	186	1948
186	1961	186	1957
186	1962	186	1941
186	1963	186	1947
187	1964	187	1973
187	1965	187	1969
187	1966	187	1971
187	1967	187	1968
187	1968	187	1967
187	1969	187	1965
187	1970	187	1974
187	1971	187	1966
187	1972	187	1964
187	1973	187	1970
187	1974	187	1972
188	1975	188	1978
188	1976	188	1975
188	1977	188	1976
188	1978	188	1977
189	1979	189	1980
189	1980	189	1979
189	1981	189	1981
190	1982	190	1983
190	1983	190	1986
190	1984	190	1985
190	1985	190	1984
190	1986	190	1989
190	1987	190	1987
190	1988	190	1982
190	1989	190	1988
191	1990	191	1996
191	1991	191	2006
191	1992	191	2000
191	1993	191	2002
191	1994	191	2017
191	1995	191	2013
191	1996	191	2012
191	1997	191	2009
191	1998	191	1999
191	1999	191	1993
191	2000	191	1991
191	2001	191	2007
191	2002	191	2011
191	2003	191	2005
191	2004	191	2003
191	2005	191	2016
191	2006	191	2008
191	2007	191	1992
191	2008	191	2015
191	2009	191	1995
191	2010	191	1997
191	2011	191	1990
191	2012	191	2014
191	2013	191	2001
191	2014	191	2010
191	2015	191	1998
191	2016	191	2004
191	2017	191	1994
192	2018	192	2024
192	2019	192	2022
192	2020	192	2019
192	2021	192	2023
192	2022	192	2020
192	2023	192	2018
192	2024	192	2021
193	2025	193	2039
193	2026	193	2031
193	2027	193	2025
193	2028	193	2033
193	2029	193	2029
193	2030	193	2037
193	2031	193	2038
193	2032	193	2027
193	2033	193	2034
193	2034	193	2030
193	2035	193	2028
193	2036	193	2032
193	2037	193	2036
193	2038	193	2026
193	2039	193	2035
194	2040	194	2043
194	2041	194	2040
194	2042	194	2045
194	2043	194	2044
194	2044	194	2042
194	2045	194	2041
195	2046	195	2050
195	2047	195	2047
195	2048	195	2057
195	2049	195	2048
195	2050	195	2051
195	2051	195	2054
195	2052	195	2049
195	2053	195	2046
195	2054	195	2052
195	2055	195	2058
195	2056	195	2055
195	2057	195	2056
195	2058	195	2059
195	2059	195	2053
196	2060	196	2066
196	2061	196	2063
196	2062	196	2067
196	2063	196	2060
196	2064	196	2061
196	2065	196	2062
196	2066	196	2065
196	2067	196	2064
197	2068	197	2077
197	2069	197	2073
197	2070	197	2069
197	2071	197	2075
197	2072	197	2078
197	2073	197	2076
197	2074	197	2070
197	2075	197	2072
197	2076	197	2071
197	2077	197	2068
197	2078	197	2074
198	2079	198	2087
198	2080	198	2081
198	2081	198	2079
198	2082	198	2088
198	2083	198	2080
198	2084	198	2092
198	2085	198	2082
198	2086	198	2084
198	2087	198	2086
198	2088	198	2083
198	2089	198	2085
198	2090	198	2090
198	2091	198	2089
198	2092	198	2093
198	2093	198	2091
200	2095	200	2105
200	2096	200	2109
200	2097	200	2102
200	2098	200	2103
200	2099	200	2101
200	2100	200	2111
200	2101	200	2107
200	2102	200	2112
200	2103	200	2100
200	2104	200	2104
200	2105	200	2110
200	2106	200	2097
200	2107	200	2099
200	2108	200	2095
200	2109	200	2096
200	2110	200	2113
200	2111	200	2098
200	2112	200	2108
200	2113	200	2106
201	2114	201	2116
201	2115	201	2115
201	2116	201	2128
201	2117	201	2123
201	2118	201	2114
201	2119	201	2126
201	2120	201	2124
201	2121	201	2117
201	2122	201	2119
201	2123	201	2125
201	2124	201	2127
201	2125	201	2122
201	2126	201	2118
201	2127	201	2121
201	2128	201	2120
202	2129	202	2135
202	2130	202	2130
202	2131	202	2131
202	2132	202	2133
202	2133	202	2134
202	2134	202	2136
202	2135	202	2129
202	2136	202	2132
203	2137	203	2141
203	2138	203	2138
203	2139	203	2140
203	2140	203	2139
203	2141	203	2137
204	2142	204	2142
204	2143	204	2143
204	2144	204	2144
204	2145	204	2145
205	2146	205	2150
205	2147	205	2149
205	2148	205	2147
205	2149	205	2146
205	2150	205	2148
206	2151	206	2155
206	2152	206	2156
206	2153	206	2153
206	2154	206	2154
206	2155	206	2158
206	2156	206	2151
206	2157	206	2157
206	2158	206	2159
206	2159	206	2152
207	2160	207	2162
207	2161	207	2164
207	2162	207	2161
207	2163	207	2163
207	2164	207	2160
208	2165	208	2167
208	2166	208	2165
208	2167	208	2166
208	2168	208	2169
208	2169	208	2170
208	2170	208	2168
209	2171	209	2177
209	2172	209	2174
209	2173	209	2171
209	2174	209	2173
209	2175	209	2176
209	2176	209	2172
209	2177	209	2178
209	2178	209	2175
210	2179	210	2184
210	2180	210	2192
210	2181	210	2189
210	2182	210	2190
210	2183	210	2185
210	2184	210	2188
210	2185	210	2180
210	2186	210	2179
210	2187	210	2194
210	2188	210	2193
210	2189	210	2181
210	2190	210	2187
210	2191	210	2191
210	2192	210	2183
210	2193	210	2186
210	2194	210	2182
213	2197	213	2198
213	2198	213	2197
214	2199	214	2200
214	2200	214	2202
214	2201	214	2199
214	2202	214	2201
215	2203	215	2205
215	2204	215	2203
215	2205	215	2204
215	2206	215	2207
215	2207	215	2206
216	2208	216	2209
216	2209	216	2213
216	2210	216	2210
216	2211	216	2211
216	2212	216	2212
216	2213	216	2208
217	2214	217	2224
217	2215	217	2215
217	2216	217	2222
217	2217	217	2226
217	2218	217	2219
217	2219	217	2221
217	2220	217	2220
217	2221	217	2225
217	2222	217	2228
217	2223	217	2217
217	2224	217	2216
217	2225	217	2214
217	2226	217	2223
217	2227	217	2218
217	2228	217	2227
218	2229	218	2236
218	2230	218	2231
218	2231	218	2229
218	2232	218	2232
218	2233	218	2233
218	2234	218	2235
218	2235	218	2234
218	2236	218	2237
218	2237	218	2230
219	2238	219	2245
219	2239	219	2244
219	2240	219	2238
219	2241	219	2242
219	2242	219	2241
219	2243	219	2239
219	2244	219	2240
219	2245	219	2243
220	2246	220	2246
220	2247	220	2248
220	2248	220	2247
220	2249	220	2250
220	2250	220	2249
221	2251	221	2252
221	2252	221	2251
221	2253	221	2253
221	2254	221	2254
222	2255	222	2269
222	2256	222	2257
222	2257	222	2266
222	2258	222	2263
222	2259	222	2256
222	2260	222	2255
222	2261	222	2262
222	2262	222	2270
222	2263	222	2259
222	2264	222	2258
222	2265	222	2261
222	2266	222	2260
222	2267	222	2264
222	2268	222	2267
222	2269	222	2268
222	2270	222	2265
223	2271	223	2276
223	2272	223	2274
223	2273	223	2277
223	2274	223	2275
223	2275	223	2272
223	2276	223	2271
223	2277	223	2273
224	2278	224	2278
224	2279	224	2282
224	2280	224	2279
224	2281	224	2280
224	2282	224	2281
224	2283	224	2283
225	2284	225	2287
225	2285	225	2291
225	2286	225	2284
225	2287	225	2288
225	2288	225	2292
225	2289	225	2293
225	2290	225	2286
225	2291	225	2289
225	2292	225	2290
225	2293	225	2285
226	2294	226	2298
226	2295	226	2296
226	2296	226	2294
226	2297	226	2295
226	2298	226	2297
227	2299	227	2300
227	2300	227	2304
227	2301	227	2303
227	2302	227	2302
227	2303	227	2305
227	2304	227	2301
227	2305	227	2299
229	2307	229	2308
229	2308	229	2315
229	2309	229	2309
229	2310	229	2313
229	2311	229	2314
229	2312	229	2310
229	2313	229	2307
229	2314	229	2311
229	2315	229	2312
230	2316	230	2316
230	2317	230	2318
230	2318	230	2317
230	2319	230	2319
231	2320	231	2320
231	2321	231	2321
232	2322	232	2334
232	2323	232	2330
232	2324	232	2323
232	2325	232	2326
232	2326	232	2332
232	2327	232	2324
232	2328	232	2327
232	2329	232	2329
232	2330	232	2336
232	2331	232	2328
232	2332	232	2331
232	2333	232	2333
232	2334	232	2335
232	2335	232	2322
232	2336	232	2325
233	2337	233	2339
233	2338	233	2338
233	2339	233	2340
233	2340	233	2341
233	2341	233	2337
235	2343	235	2343
235	2344	235	2344
235	2345	235	2345
236	2346	236	2347
236	2347	236	2346
236	2348	236	2348
236	2349	236	2351
236	2350	236	2350
236	2351	236	2349
236	2352	236	2352
237	2353	237	2356
237	2354	237	2355
237	2355	237	2353
237	2356	237	2354
237	2357	237	2358
237	2358	237	2357
238	2359	238	2371
238	2360	238	2360
238	2361	238	2366
238	2362	238	2365
238	2363	238	2372
238	2364	238	2368
238	2365	238	2374
238	2366	238	2367
238	2367	238	2364
238	2368	238	2362
238	2369	238	2359
238	2370	238	2369
238	2371	238	2361
238	2372	238	2363
238	2373	238	2370
238	2374	238	2373
239	2375	239	2376
239	2376	239	2378
239	2377	239	2387
239	2378	239	2382
239	2379	239	2384
239	2380	239	2385
239	2381	239	2379
239	2382	239	2375
239	2383	239	2386
239	2384	239	2377
239	2385	239	2381
239	2386	239	2383
239	2387	239	2380
240	2388	240	2388
240	2389	240	2389
240	2390	240	2390
240	2391	240	2391
241	2392	241	2407
241	2393	241	2399
241	2394	241	2402
241	2395	241	2411
241	2396	241	2406
241	2397	241	2394
241	2398	241	2404
241	2399	241	2410
241	2400	241	2413
241	2401	241	2398
241	2402	241	2412
241	2403	241	2401
241	2404	241	2396
241	2405	241	2393
241	2406	241	2409
241	2407	241	2397
241	2408	241	2408
241	2409	241	2392
241	2410	241	2405
241	2411	241	2395
241	2412	241	2400
241	2413	241	2403
242	2414	242	2420
242	2415	242	2432
242	2416	242	2421
242	2417	242	2428
242	2418	242	2430
242	2419	242	2426
242	2420	242	2418
242	2421	242	2419
242	2422	242	2427
242	2423	242	2423
242	2424	242	2429
242	2425	242	2422
242	2426	242	2416
242	2427	242	2425
242	2428	242	2424
242	2429	242	2431
242	2430	242	2415
242	2431	242	2417
242	2432	242	2414
243	2433	243	2436
243	2434	243	2447
243	2435	243	2438
243	2436	243	2434
243	2437	243	2442
243	2438	243	2443
243	2439	243	2446
243	2440	243	2444
243	2441	243	2445
243	2442	243	2440
243	2443	243	2441
243	2444	243	2437
243	2445	243	2435
243	2446	243	2433
243	2447	243	2439
244	2448	244	2459
244	2449	244	2451
244	2450	244	2448
244	2451	244	2455
244	2452	244	2462
244	2453	244	2453
244	2454	244	2463
244	2455	244	2460
244	2456	244	2450
244	2457	244	2457
244	2458	244	2449
244	2459	244	2458
244	2460	244	2464
244	2461	244	2452
244	2462	244	2461
244	2463	244	2456
244	2464	244	2454
246	2466	246	2471
246	2467	246	2477
246	2468	246	2472
246	2469	246	2467
246	2470	246	2470
246	2471	246	2475
246	2472	246	2479
246	2473	246	2468
246	2474	246	2474
246	2475	246	2466
246	2476	246	2469
246	2477	246	2478
246	2478	246	2473
246	2479	246	2476
247	2480	247	2485
247	2481	247	2486
247	2482	247	2482
247	2483	247	2491
247	2484	247	2493
247	2485	247	2502
247	2486	247	2484
247	2487	247	2503
247	2488	247	2500
247	2489	247	2489
247	2490	247	2499
247	2491	247	2488
247	2492	247	2494
247	2493	247	2501
247	2494	247	2490
247	2495	247	2504
247	2496	247	2481
247	2497	247	2492
247	2498	247	2496
247	2499	247	2480
247	2500	247	2498
247	2501	247	2495
247	2502	247	2497
247	2503	247	2487
247	2504	247	2483
248	2505	248	2523
248	2506	248	2511
248	2507	248	2509
248	2508	248	2510
248	2509	248	2506
248	2510	248	2522
248	2511	248	2508
248	2512	248	2517
248	2513	248	2518
248	2514	248	2520
248	2515	248	2516
248	2516	248	2507
248	2517	248	2513
248	2518	248	2505
248	2519	248	2514
248	2520	248	2521
248	2521	248	2512
248	2522	248	2515
248	2523	248	2519
249	2524	249	2526
249	2525	249	2530
249	2526	249	2528
249	2527	249	2524
249	2528	249	2529
249	2529	249	2536
249	2530	249	2531
249	2531	249	2527
249	2532	249	2525
249	2533	249	2532
249	2534	249	2535
249	2535	249	2533
249	2536	249	2534
250	2537	250	2541
250	2538	250	2552
250	2539	250	2544
250	2540	250	2546
250	2541	250	2540
250	2542	250	2542
250	2543	250	2553
250	2544	250	2549
250	2545	250	2539
250	2546	250	2538
250	2547	250	2548
250	2548	250	2551
250	2549	250	2550
250	2550	250	2545
250	2551	250	2547
250	2552	250	2537
250	2553	250	2543
251	2554	251	2562
251	2555	251	2569
251	2556	251	2566
251	2557	251	2568
251	2558	251	2556
251	2559	251	2555
251	2560	251	2564
251	2561	251	2565
251	2562	251	2554
251	2563	251	2563
251	2564	251	2558
251	2565	251	2559
251	2566	251	2560
251	2567	251	2567
251	2568	251	2557
251	2569	251	2570
251	2570	251	2561
252	2571	252	2571
252	2572	252	2572
252	2573	252	2574
252	2574	252	2578
252	2575	252	2573
252	2576	252	2576
252	2577	252	2577
252	2578	252	2575
253	2579	253	2580
253	2580	253	2583
253	2581	253	2581
253	2582	253	2589
253	2583	253	2584
253	2584	253	2591
253	2585	253	2579
253	2586	253	2586
253	2587	253	2585
253	2588	253	2582
253	2589	253	2588
253	2590	253	2592
253	2591	253	2587
253	2592	253	2590
254	2593	254	2595
254	2594	254	2593
254	2595	254	2594
256	2597	256	2599
256	2598	256	2598
256	2599	256	2597
257	2600	257	2601
257	2601	257	2600
257	2602	257	2603
257	2603	257	2602
258	2604	258	2604
258	2605	258	2607
258	2606	258	2606
258	2607	258	2605
259	2608	259	2609
259	2609	259	2608
260	2610	260	2615
260	2611	260	2613
260	2612	260	2612
260	2613	260	2610
260	2614	260	2614
260	2615	260	2611
261	2616	261	2617
261	2617	261	2618
261	2618	261	2619
261	2619	261	2616
262	2620	262	2620
262	2621	262	2624
262	2622	262	2623
262	2623	262	2622
262	2624	262	2621
263	2625	263	2625
263	2626	263	2631
263	2627	263	2634
263	2628	263	2626
263	2629	263	2637
263	2630	263	2632
263	2631	263	2628
263	2632	263	2629
263	2633	263	2627
263	2634	263	2636
263	2635	263	2630
263	2636	263	2633
263	2637	263	2635
265	2639	265	2639
265	2640	265	2640
266	2641	266	2642
266	2642	266	2645
266	2643	266	2641
266	2644	266	2648
266	2645	266	2650
266	2646	266	2644
266	2647	266	2643
266	2648	266	2649
266	2649	266	2646
266	2650	266	2647
267	2651	267	2652
267	2652	267	2660
267	2653	267	2664
267	2654	267	2655
267	2655	267	2661
267	2656	267	2656
267	2657	267	2651
267	2658	267	2653
267	2659	267	2666
267	2660	267	2658
267	2661	267	2663
267	2662	267	2659
267	2663	267	2665
267	2664	267	2654
267	2665	267	2662
267	2666	267	2657
268	2667	268	2668
268	2668	268	2670
268	2669	268	2669
268	2670	268	2667
269	2671	269	2674
269	2672	269	2672
269	2673	269	2676
269	2674	269	2675
269	2675	269	2671
269	2676	269	2673
270	2677	270	2685
270	2678	270	2683
270	2679	270	2680
270	2680	270	2679
270	2681	270	2684
270	2682	270	2677
270	2683	270	2678
270	2684	270	2681
270	2685	270	2686
270	2686	270	2682
271	2687	271	2692
271	2688	271	2691
271	2689	271	2696
271	2690	271	2697
271	2691	271	2690
271	2692	271	2688
271	2693	271	2695
271	2694	271	2689
271	2695	271	2687
271	2696	271	2693
271	2697	271	2694
272	2698	272	2706
272	2699	272	2703
272	2700	272	2700
272	2701	272	2704
272	2702	272	2699
272	2703	272	2701
272	2704	272	2702
272	2705	272	2707
272	2706	272	2711
272	2707	272	2705
272	2708	272	2710
272	2709	272	2698
272	2710	272	2708
272	2711	272	2712
272	2712	272	2709
273	2713	273	2717
273	2714	273	2715
273	2715	273	2718
273	2716	273	2713
273	2717	273	2714
273	2718	273	2716
274	2719	274	2722
274	2720	274	2732
274	2721	274	2723
274	2722	274	2724
274	2723	274	2726
274	2724	274	2728
274	2725	274	2725
274	2726	274	2731
274	2727	274	2733
274	2728	274	2727
274	2729	274	2730
274	2730	274	2736
274	2731	274	2729
274	2732	274	2734
274	2733	274	2720
274	2734	274	2719
274	2735	274	2721
274	2736	274	2735
275	2737	275	2741
275	2738	275	2739
275	2739	275	2737
275	2740	275	2740
275	2741	275	2738
276	2742	276	2751
276	2743	276	2743
276	2744	276	2746
276	2745	276	2745
276	2746	276	2749
276	2747	276	2747
276	2748	276	2752
276	2749	276	2742
276	2750	276	2748
276	2751	276	2744
276	2752	276	2750
277	2753	277	2755
277	2754	277	2757
277	2755	277	2759
277	2756	277	2754
277	2757	277	2758
277	2758	277	2756
277	2759	277	2753
277	2760	277	2762
277	2761	277	2760
277	2762	277	2761
279	2764	279	2767
279	2765	279	2772
279	2766	279	2771
279	2767	279	2768
279	2768	279	2770
279	2769	279	2765
279	2770	279	2769
279	2771	279	2766
279	2772	279	2764
280	2773	280	2776
280	2774	280	2779
280	2775	280	2777
280	2776	280	2778
280	2777	280	2773
280	2778	280	2775
280	2779	280	2774
281	2780	281	2788
281	2781	281	2782
281	2782	281	2780
281	2783	281	2785
281	2784	281	2783
281	2785	281	2787
281	2786	281	2784
281	2787	281	2781
281	2788	281	2786
281	2789	281	2789
282	2790	282	2794
282	2791	282	2793
282	2792	282	2792
282	2793	282	2791
282	2794	282	2795
282	2795	282	2796
282	2796	282	2790
283	2797	283	2809
283	2798	283	2805
283	2799	283	2800
283	2800	283	2801
283	2801	283	2810
283	2802	283	2813
283	2803	283	2803
283	2804	283	2808
283	2805	283	2806
283	2806	283	2804
283	2807	283	2811
283	2808	283	2799
283	2809	283	2798
283	2810	283	2802
283	2811	283	2812
283	2812	283	2797
283	2813	283	2807
284	2814	284	2818
284	2815	284	2814
284	2816	284	2815
284	2817	284	2817
284	2818	284	2816
285	2819	285	2820
285	2820	285	2819
286	2821	286	2834
286	2822	286	2831
286	2823	286	2832
286	2824	286	2830
286	2825	286	2838
286	2826	286	2833
286	2827	286	2828
286	2828	286	2825
286	2829	286	2827
286	2830	286	2821
286	2831	286	2835
286	2832	286	2839
286	2833	286	2829
286	2834	286	2837
286	2835	286	2824
286	2836	286	2826
286	2837	286	2836
286	2838	286	2823
286	2839	286	2822
287	2840	287	2840
287	2841	287	2846
287	2842	287	2843
287	2843	287	2842
287	2844	287	2845
287	2845	287	2847
287	2846	287	2844
287	2847	287	2841
288	2848	288	2849
288	2849	288	2848
289	2850	289	2853
289	2851	289	2851
289	2852	289	2854
289	2853	289	2855
289	2854	289	2856
289	2855	289	2858
289	2856	289	2850
289	2857	289	2852
289	2858	289	2857
290	2859	290	2863
290	2860	290	2861
290	2861	290	2860
290	2862	290	2859
290	2863	290	2865
290	2864	290	2864
290	2865	290	2862
291	2866	291	2867
291	2867	291	2877
291	2868	291	2873
291	2869	291	2880
291	2870	291	2871
291	2871	291	2868
291	2872	291	2883
291	2873	291	2884
291	2874	291	2876
291	2875	291	2882
291	2876	291	2886
291	2877	291	2866
291	2878	291	2874
291	2879	291	2878
291	2880	291	2879
291	2881	291	2872
291	2882	291	2885
291	2883	291	2870
291	2884	291	2875
291	2885	291	2881
291	2886	291	2869
292	2887	292	2890
292	2888	292	2888
292	2889	292	2887
292	2890	292	2891
292	2891	292	2889
293	2892	293	2897
293	2893	293	2896
293	2894	293	2894
293	2895	293	2898
293	2896	293	2893
293	2897	293	2895
293	2898	293	2892
295	2900	295	2900
295	2901	295	2902
295	2902	295	2901
296	2903	296	2905
296	2904	296	2904
296	2905	296	2910
296	2906	296	2906
296	2907	296	2907
296	2908	296	2903
296	2909	296	2913
296	2910	296	2912
296	2911	296	2911
296	2912	296	2909
296	2913	296	2908
297	2914	297	2917
297	2915	297	2921
297	2916	297	2918
297	2917	297	2923
297	2918	297	2919
297	2919	297	2916
297	2920	297	2922
297	2921	297	2920
297	2922	297	2915
297	2923	297	2914
298	2924	298	2924
298	2925	298	2925
299	2926	299	2936
299	2927	299	2932
299	2928	299	2931
299	2929	299	2928
299	2930	299	2935
299	2931	299	2926
299	2932	299	2937
299	2933	299	2927
299	2934	299	2938
299	2935	299	2939
299	2936	299	2930
299	2937	299	2934
299	2938	299	2933
299	2939	299	2929
301	2941	301	2944
301	2942	301	2943
301	2943	301	2948
301	2944	301	2949
301	2945	301	2946
301	2946	301	2941
301	2947	301	2947
301	2948	301	2945
301	2949	301	2942
302	2950	302	2951
302	2951	302	2955
302	2952	302	2964
302	2953	302	2956
302	2954	302	2961
302	2955	302	2960
302	2956	302	2950
302	2957	302	2959
302	2958	302	2963
302	2959	302	2958
302	2960	302	2952
302	2961	302	2954
302	2962	302	2953
302	2963	302	2957
302	2964	302	2962
303	2965	303	2966
303	2966	303	2968
303	2967	303	2965
303	2968	303	2967
303	2969	303	2969
305	2971	305	2981
305	2972	305	2974
305	2973	305	2977
305	2974	305	2984
305	2975	305	2971
305	2976	305	2987
305	2977	305	2982
305	2978	305	2986
305	2979	305	2972
305	2980	305	2975
305	2981	305	2980
305	2982	305	2988
305	2983	305	2973
305	2984	305	2978
305	2985	305	2985
305	2986	305	2976
305	2987	305	2979
305	2988	305	2983
306	2989	306	3001
306	2990	306	2992
306	2991	306	2994
306	2992	306	2993
306	2993	306	3000
306	2994	306	3003
306	2995	306	2991
306	2996	306	2989
306	2997	306	2999
306	2998	306	2996
306	2999	306	2997
306	3000	306	2998
306	3001	306	2995
306	3002	306	3002
306	3003	306	2990
307	3004	307	3016
307	3005	307	3007
307	3006	307	3011
307	3007	307	3008
307	3008	307	3005
307	3009	307	3004
307	3010	307	3006
307	3011	307	3009
307	3012	307	3015
307	3013	307	3014
307	3014	307	3019
307	3015	307	3018
307	3016	307	3012
307	3017	307	3013
307	3018	307	3017
307	3019	307	3010
308	3020	308	3021
308	3021	308	3020
308	3022	308	3022
308	3023	308	3023
309	3024	309	3024
309	3025	309	3032
309	3026	309	3031
309	3027	309	3026
309	3028	309	3027
309	3029	309	3025
309	3030	309	3029
309	3031	309	3030
309	3032	309	3028
310	3033	310	3042
310	3034	310	3041
310	3035	310	3040
310	3036	310	3036
310	3037	310	3033
310	3038	310	3034
310	3039	310	3035
310	3040	310	3043
310	3041	310	3038
310	3042	310	3039
310	3043	310	3037
311	3044	311	3046
311	3045	311	3058
311	3046	311	3055
311	3047	311	3047
311	3048	311	3057
311	3049	311	3054
311	3050	311	3045
311	3051	311	3053
311	3052	311	3048
311	3053	311	3056
311	3054	311	3044
311	3055	311	3050
311	3056	311	3049
311	3057	311	3052
311	3058	311	3051
312	3059	312	3062
312	3060	312	3063
312	3061	312	3060
312	3062	312	3061
312	3063	312	3059
313	3064	313	3076
313	3065	313	3069
313	3066	313	3075
313	3067	313	3071
313	3068	313	3067
313	3069	313	3068
313	3070	313	3073
313	3071	313	3074
313	3072	313	3064
313	3073	313	3070
313	3074	313	3077
313	3075	313	3078
313	3076	313	3065
313	3077	313	3072
313	3078	313	3066
314	3079	314	3079
314	3080	314	3080
315	3081	315	3105
315	3082	315	3083
315	3083	315	3092
315	3084	315	3084
315	3085	315	3088
315	3086	315	3109
315	3087	315	3090
315	3088	315	3082
315	3089	315	3099
315	3090	315	3085
315	3091	315	3097
315	3092	315	3102
315	3093	315	3100
315	3094	315	3093
315	3095	315	3108
315	3096	315	3106
315	3097	315	3095
315	3098	315	3110
315	3099	315	3098
315	3100	315	3081
315	3101	315	3115
315	3102	315	3107
315	3103	315	3104
315	3104	315	3091
315	3105	315	3086
315	3106	315	3087
315	3107	315	3089
315	3108	315	3094
315	3109	315	3114
315	3110	315	3103
315	3111	315	3096
315	3112	315	3111
315	3113	315	3112
315	3114	315	3113
315	3115	315	3101
316	3116	316	3130
316	3117	316	3120
316	3118	316	3122
316	3119	316	3119
316	3120	316	3129
316	3121	316	3124
316	3122	316	3125
316	3123	316	3123
316	3124	316	3121
316	3125	316	3118
316	3126	316	3117
316	3127	316	3116
316	3128	316	3127
316	3129	316	3128
316	3130	316	3126
317	3131	317	3136
317	3132	317	3138
317	3133	317	3134
317	3134	317	3137
317	3135	317	3135
317	3136	317	3133
317	3137	317	3132
317	3138	317	3131
318	3139	318	3146
318	3140	318	3148
318	3141	318	3147
318	3142	318	3142
318	3143	318	3151
318	3144	318	3139
318	3145	318	3143
318	3146	318	3152
318	3147	318	3149
318	3148	318	3144
318	3149	318	3145
318	3150	318	3141
318	3151	318	3150
318	3152	318	3140
319	3153	319	3153
319	3154	319	3159
319	3155	319	3154
319	3156	319	3157
319	3157	319	3156
319	3158	319	3155
319	3159	319	3158
320	3160	320	3161
320	3161	320	3160
321	3162	321	3165
321	3163	321	3163
321	3164	321	3164
321	3165	321	3162
322	3166	322	3171
322	3167	322	3168
322	3168	322	3169
322	3169	322	3167
322	3170	322	3166
322	3171	322	3170
323	3172	323	3193
323	3173	323	3186
323	3174	323	3176
323	3175	323	3188
323	3176	323	3185
323	3177	323	3181
323	3178	323	3178
323	3179	323	3179
323	3180	323	3183
323	3181	323	3192
323	3182	323	3195
323	3183	323	3190
323	3184	323	3191
323	3185	323	3175
323	3186	323	3184
323	3187	323	3177
323	3188	323	3172
323	3189	323	3196
323	3190	323	3198
323	3191	323	3194
323	3192	323	3197
323	3193	323	3182
323	3194	323	3173
323	3195	323	3187
323	3196	323	3189
323	3197	323	3174
323	3198	323	3180
324	3199	324	3206
324	3200	324	3202
324	3201	324	3201
324	3202	324	3207
324	3203	324	3204
324	3204	324	3209
324	3205	324	3211
324	3206	324	3208
324	3207	324	3203
324	3208	324	3199
324	3209	324	3212
324	3210	324	3205
324	3211	324	3200
324	3212	324	3210
325	3213	325	3219
325	3214	325	3213
325	3215	325	3220
325	3216	325	3215
325	3217	325	3214
325	3218	325	3217
325	3219	325	3218
325	3220	325	3216
327	3222	327	3222
327	3223	327	3226
327	3224	327	3231
327	3225	327	3228
327	3226	327	3229
327	3227	327	3223
327	3228	327	3227
327	3229	327	3225
327	3230	327	3230
327	3231	327	3224
328	3232	328	3244
328	3233	328	3242
328	3234	328	3247
328	3235	328	3240
328	3236	328	3232
328	3237	328	3235
328	3238	328	3237
328	3239	328	3245
328	3240	328	3236
328	3241	328	3233
328	3242	328	3234
328	3243	328	3241
328	3244	328	3239
328	3245	328	3246
328	3246	328	3243
328	3247	328	3238
329	3248	329	3254
329	3249	329	3249
329	3250	329	3251
329	3251	329	3256
329	3252	329	3258
329	3253	329	3252
329	3254	329	3248
329	3255	329	3250
329	3256	329	3255
329	3257	329	3257
329	3258	329	3253
330	3259	330	3264
330	3260	330	3265
330	3261	330	3259
330	3262	330	3266
330	3263	330	3261
330	3264	330	3262
330	3265	330	3263
330	3266	330	3260
331	3267	331	3269
331	3268	331	3270
331	3269	331	3267
331	3270	331	3268
333	3272	333	3281
333	3273	333	3273
333	3274	333	3276
333	3275	333	3283
333	3276	333	3279
333	3277	333	3278
333	3278	333	3285
333	3279	333	3272
333	3280	333	3277
333	3281	333	3275
333	3282	333	3284
333	3283	333	3280
333	3284	333	3274
333	3285	333	3282
334	3286	334	3295
334	3287	334	3298
334	3288	334	3297
334	3289	334	3305
334	3290	334	3300
334	3291	334	3296
334	3292	334	3290
334	3293	334	3291
334	3294	334	3286
334	3295	334	3303
334	3296	334	3306
334	3297	334	3288
334	3298	334	3294
334	3299	334	3299
334	3300	334	3292
334	3301	334	3302
334	3302	334	3287
334	3303	334	3304
334	3304	334	3293
334	3305	334	3289
334	3306	334	3301
335	3307	335	3310
335	3308	335	3308
335	3309	335	3309
335	3310	335	3307
335	3311	335	3311
335	3312	335	3312
336	3313	336	3314
336	3314	336	3316
336	3315	336	3326
336	3316	336	3322
336	3317	336	3320
336	3318	336	3317
336	3319	336	3325
336	3320	336	3318
336	3321	336	3319
336	3322	336	3324
336	3323	336	3313
336	3324	336	3323
336	3325	336	3328
336	3326	336	3315
336	3327	336	3321
336	3328	336	3327
337	3329	337	3329
337	3330	337	3330
337	3331	337	3331
337	3332	337	3332
337	3333	337	3333
337	3334	337	3334
340	3337	340	3359
340	3338	340	3358
340	3339	340	3345
340	3340	340	3354
340	3341	340	3351
340	3342	340	3353
340	3343	340	3362
340	3344	340	3340
340	3345	340	3344
340	3346	340	3363
340	3347	340	3356
340	3348	340	3364
340	3349	340	3349
340	3350	340	3360
340	3351	340	3347
340	3352	340	3338
340	3353	340	3355
340	3354	340	3352
340	3355	340	3337
340	3356	340	3348
340	3357	340	3361
340	3358	340	3357
340	3359	340	3342
340	3360	340	3339
340	3361	340	3341
340	3362	340	3346
340	3363	340	3343
340	3364	340	3350
341	3365	341	3366
341	3366	341	3368
341	3367	341	3367
341	3368	341	3369
341	3369	341	3365
341	3370	341	3370
342	3371	342	3372
342	3372	342	3386
342	3373	342	3377
342	3374	342	3378
342	3375	342	3389
342	3376	342	3376
342	3377	342	3382
342	3378	342	3384
342	3379	342	3375
342	3380	342	3390
342	3381	342	3380
342	3382	342	3387
342	3383	342	3381
342	3384	342	3379
342	3385	342	3383
342	3386	342	3388
342	3387	342	3373
342	3388	342	3374
342	3389	342	3391
342	3390	342	3385
342	3391	342	3371
343	3392	343	3405
343	3393	343	3406
343	3394	343	3402
343	3395	343	3397
343	3396	343	3403
343	3397	343	3399
343	3398	343	3396
343	3399	343	3400
343	3400	343	3392
343	3401	343	3394
343	3402	343	3401
343	3403	343	3404
343	3404	343	3393
343	3405	343	3395
343	3406	343	3398
344	3407	344	3410
344	3408	344	3407
344	3409	344	3408
344	3410	344	3411
344	3411	344	3412
344	3412	344	3409
344	3413	344	3413
346	3415	346	3427
346	3416	346	3426
346	3417	346	3421
346	3418	346	3424
346	3419	346	3415
346	3420	346	3418
346	3421	346	3428
346	3422	346	3425
346	3423	346	3423
346	3424	346	3420
346	3425	346	3419
346	3426	346	3416
346	3427	346	3417
346	3428	346	3422
348	3430	348	3432
348	3431	348	3433
348	3432	348	3431
348	3433	348	3430
349	3434	349	3441
349	3435	349	3446
349	3436	349	3447
349	3437	349	3442
349	3438	349	3438
349	3439	349	3437
349	3440	349	3436
349	3441	349	3439
349	3442	349	3445
349	3443	349	3443
349	3444	349	3444
349	3445	349	3440
349	3446	349	3435
349	3447	349	3434
350	3448	350	3456
350	3449	350	3457
350	3450	350	3455
350	3451	350	3448
350	3452	350	3458
350	3453	350	3454
350	3454	350	3459
350	3455	350	3452
350	3456	350	3451
350	3457	350	3449
350	3458	350	3450
350	3459	350	3453
351	3460	351	3468
351	3461	351	3466
351	3462	351	3478
351	3463	351	3471
351	3464	351	3465
351	3465	351	3464
351	3466	351	3462
351	3467	351	3461
351	3468	351	3477
351	3469	351	3472
351	3470	351	3475
351	3471	351	3467
351	3472	351	3476
351	3473	351	3470
351	3474	351	3469
351	3475	351	3474
351	3476	351	3463
351	3477	351	3473
351	3478	351	3479
351	3479	351	3460
352	3480	352	3481
352	3481	352	3483
352	3482	352	3482
352	3483	352	3484
352	3484	352	3480
353	3485	353	3490
353	3486	353	3494
353	3487	353	3489
353	3488	353	3499
353	3489	353	3485
353	3490	353	3495
353	3491	353	3493
353	3492	353	3498
353	3493	353	3487
353	3494	353	3488
353	3495	353	3491
353	3496	353	3486
353	3497	353	3492
353	3498	353	3497
353	3499	353	3496
354	3500	354	3501
354	3501	354	3503
354	3502	354	3502
354	3503	354	3504
354	3504	354	3500
355	3505	355	3506
355	3506	355	3505
355	3507	355	3507
355	3508	355	3508
356	3509	356	3509
356	3510	356	3514
356	3511	356	3511
356	3512	356	3510
356	3513	356	3512
356	3514	356	3513
357	3515	357	3516
357	3516	357	3515
357	3517	357	3525
357	3518	357	3520
357	3519	357	3522
357	3520	357	3526
357	3521	357	3519
357	3522	357	3521
357	3523	357	3523
357	3524	357	3518
357	3525	357	3517
357	3526	357	3524
358	3527	358	3527
358	3528	358	3531
358	3529	358	3528
358	3530	358	3530
358	3531	358	3533
358	3532	358	3534
358	3533	358	3532
358	3534	358	3529
358	3535	358	3535
359	3536	359	3536
359	3537	359	3537
360	3538	360	3552
360	3539	360	3551
360	3540	360	3547
360	3541	360	3540
360	3542	360	3542
360	3543	360	3538
360	3544	360	3544
360	3545	360	3541
360	3546	360	3545
360	3547	360	3548
360	3548	360	3539
360	3549	360	3550
360	3550	360	3546
360	3551	360	3549
360	3552	360	3543
361	3553	361	3559
361	3554	361	3558
361	3555	361	3560
361	3556	361	3557
361	3557	361	3555
361	3558	361	3561
361	3559	361	3553
361	3560	361	3556
361	3561	361	3554
362	3562	362	3563
362	3563	362	3565
362	3564	362	3564
362	3565	362	3562
362	3566	362	3566
363	3567	363	3568
363	3568	363	3569
363	3569	363	3567
364	3570	364	3572
364	3571	364	3573
364	3572	364	3574
364	3573	364	3570
364	3574	364	3571
364	3575	364	3575
365	3576	365	3580
365	3577	365	3584
365	3578	365	3582
365	3579	365	3579
365	3580	365	3578
365	3581	365	3586
365	3582	365	3585
365	3583	365	3577
365	3584	365	3587
365	3585	365	3576
365	3586	365	3581
365	3587	365	3583
366	3588	366	3592
366	3589	366	3596
366	3590	366	3601
366	3591	366	3591
366	3592	366	3589
366	3593	366	3600
366	3594	366	3599
366	3595	366	3595
366	3596	366	3598
366	3597	366	3597
366	3598	366	3593
366	3599	366	3590
366	3600	366	3588
366	3601	366	3594
367	3602	367	3602
367	3603	367	3603
368	3604	368	3607
368	3605	368	3610
368	3606	368	3609
368	3607	368	3608
368	3608	368	3605
368	3609	368	3604
368	3610	368	3606
369	3611	369	3622
369	3612	369	3615
369	3613	369	3613
369	3614	369	3623
369	3615	369	3621
369	3616	369	3611
369	3617	369	3620
369	3618	369	3617
369	3619	369	3616
369	3620	369	3618
369	3621	369	3624
369	3622	369	3619
369	3623	369	3612
369	3624	369	3614
370	3625	370	3629
370	3626	370	3632
370	3627	370	3633
370	3628	370	3627
370	3629	370	3634
370	3630	370	3637
370	3631	370	3638
370	3632	370	3635
370	3633	370	3626
370	3634	370	3631
370	3635	370	3628
370	3636	370	3630
370	3637	370	3625
370	3638	370	3636
371	3639	371	3645
371	3640	371	3666
371	3641	371	3650
371	3642	371	3640
371	3643	371	3654
371	3644	371	3642
371	3645	371	3653
371	3646	371	3661
371	3647	371	3647
371	3648	371	3656
371	3649	371	3646
371	3650	371	3649
371	3651	371	3643
371	3652	371	3641
371	3653	371	3648
371	3654	371	3662
371	3655	371	3657
371	3656	371	3644
371	3657	371	3665
371	3658	371	3659
371	3659	371	3664
371	3660	371	3651
371	3661	371	3663
371	3662	371	3667
371	3663	371	3658
371	3664	371	3639
371	3665	371	3652
371	3666	371	3660
371	3667	371	3655
372	3668	372	3671
372	3669	372	3669
372	3670	372	3668
372	3671	372	3670
372	3672	372	3672
373	3673	373	3693
373	3674	373	3684
373	3675	373	3681
373	3676	373	3688
373	3677	373	3673
373	3678	373	3677
373	3679	373	3691
373	3680	373	3700
373	3681	373	3699
373	3682	373	3697
373	3683	373	3685
373	3684	373	3689
373	3685	373	3683
373	3686	373	3698
373	3687	373	3676
373	3688	373	3682
373	3689	373	3703
373	3690	373	3702
373	3691	373	3692
373	3692	373	3675
373	3693	373	3680
373	3694	373	3674
373	3695	373	3694
373	3696	373	3696
373	3697	373	3701
373	3698	373	3687
373	3699	373	3690
373	3700	373	3686
373	3701	373	3695
373	3702	373	3679
373	3703	373	3678
373	3704	373	3704
374	3705	374	3709
374	3706	374	3722
374	3707	374	3721
374	3708	374	3713
374	3709	374	3723
374	3710	374	3718
374	3711	374	3720
374	3712	374	3715
374	3713	374	3712
374	3714	374	3710
374	3715	374	3714
374	3716	374	3708
374	3717	374	3706
374	3718	374	3725
374	3719	374	3716
374	3720	374	3717
374	3721	374	3705
374	3722	374	3707
374	3723	374	3711
374	3724	374	3724
374	3725	374	3719
375	3726	375	3726
375	3727	375	3727
375	3728	375	3728
375	3729	375	3730
375	3730	375	3731
375	3731	375	3729
376	3732	376	3736
376	3733	376	3737
376	3734	376	3734
376	3735	376	3738
376	3736	376	3741
376	3737	376	3733
376	3738	376	3742
376	3739	376	3740
376	3740	376	3744
376	3741	376	3743
376	3742	376	3732
376	3743	376	3735
376	3744	376	3739
377	3745	377	3746
377	3746	377	3747
377	3747	377	3749
377	3748	377	3748
377	3749	377	3745
378	3750	378	3751
378	3751	378	3752
378	3752	378	3750
378	3753	378	3753
378	3754	378	3754
379	3755	379	3755
379	3756	379	3760
379	3757	379	3762
379	3758	379	3759
379	3759	379	3761
379	3760	379	3756
379	3761	379	3757
379	3762	379	3758
380	3763	380	3765
380	3764	380	3763
380	3765	380	3764
381	3766	381	3768
381	3767	381	3771
381	3768	381	3770
381	3769	381	3767
381	3770	381	3769
381	3771	381	3766
382	3772	382	3777
382	3773	382	3772
382	3774	382	3775
382	3775	382	3774
382	3776	382	3776
382	3777	382	3773
382	3778	382	3778
383	3779	383	3779
383	3780	383	3780
383	3781	383	3781
383	3782	383	3782
384	3783	384	3789
384	3784	384	3791
384	3785	384	3785
384	3786	384	3787
384	3787	384	3788
384	3788	384	3783
384	3789	384	3784
384	3790	384	3790
384	3791	384	3786
385	3792	385	3792
385	3793	385	3795
385	3794	385	3796
385	3795	385	3793
385	3796	385	3797
385	3797	385	3798
385	3798	385	3794
386	3799	386	3799
386	3800	386	3800
387	3801	387	3816
387	3802	387	3826
387	3803	387	3803
387	3804	387	3802
387	3805	387	3824
387	3806	387	3801
387	3807	387	3814
387	3808	387	3810
387	3809	387	3815
387	3810	387	3817
387	3811	387	3818
387	3812	387	3809
387	3813	387	3825
387	3814	387	3807
387	3815	387	3804
387	3816	387	3806
387	3817	387	3820
387	3818	387	3811
387	3819	387	3812
387	3820	387	3808
387	3821	387	3819
387	3822	387	3821
387	3823	387	3813
387	3824	387	3827
387	3825	387	3822
387	3826	387	3805
387	3827	387	3823
388	3828	388	3831
388	3829	388	3829
388	3830	388	3830
388	3831	388	3828
389	3832	389	3838
389	3833	389	3851
389	3834	389	3837
389	3835	389	3861
389	3836	389	3832
389	3837	389	3843
389	3838	389	3860
389	3839	389	3854
389	3840	389	3836
389	3841	389	3839
389	3842	389	3845
389	3843	389	3858
389	3844	389	3844
389	3845	389	3849
389	3846	389	3856
389	3847	389	3859
389	3848	389	3842
389	3849	389	3841
389	3850	389	3840
389	3851	389	3853
389	3852	389	3855
389	3853	389	3850
389	3854	389	3835
389	3855	389	3834
389	3856	389	3847
389	3857	389	3833
389	3858	389	3846
389	3859	389	3848
389	3860	389	3857
389	3861	389	3852
391	3863	391	3866
391	3864	391	3872
391	3865	391	3863
391	3866	391	3873
391	3867	391	3868
391	3868	391	3864
391	3869	391	3874
391	3870	391	3871
391	3871	391	3876
391	3872	391	3870
391	3873	391	3865
391	3874	391	3867
391	3875	391	3869
391	3876	391	3875
393	3878	393	3884
393	3879	393	3878
393	3880	393	3885
393	3881	393	3882
393	3882	393	3880
393	3883	393	3883
393	3884	393	3881
393	3885	393	3879
394	3886	394	3890
394	3887	394	3889
394	3888	394	3887
394	3889	394	3891
394	3890	394	3886
394	3891	394	3888
395	3892	395	3899
395	3893	395	3897
395	3894	395	3898
395	3895	395	3896
395	3896	395	3895
395	3897	395	3894
395	3898	395	3892
395	3899	395	3893
396	3900	396	3904
396	3901	396	3907
396	3902	396	3902
396	3903	396	3905
396	3904	396	3900
396	3905	396	3906
396	3906	396	3903
396	3907	396	3901
397	3908	397	3909
397	3909	397	3911
397	3910	397	3908
397	3911	397	3910
399	3913	399	3913
399	3914	399	3921
399	3915	399	3923
399	3916	399	3924
399	3917	399	3922
399	3918	399	3917
399	3919	399	3914
399	3920	399	3925
399	3921	399	3918
399	3922	399	3919
399	3923	399	3920
399	3924	399	3916
399	3925	399	3915
400	3926	400	3932
400	3927	400	3927
400	3928	400	3926
400	3929	400	3928
400	3930	400	3930
400	3931	400	3933
400	3932	400	3929
400	3933	400	3931
401	3934	401	3938
401	3935	401	3940
401	3936	401	3944
401	3937	401	3941
401	3938	401	3942
401	3939	401	3937
401	3940	401	3939
401	3941	401	3936
401	3942	401	3945
401	3943	401	3935
401	3944	401	3934
401	3945	401	3943
402	3946	402	3947
402	3947	402	3946
404	3949	404	3949
404	3950	404	3950
405	3951	405	3961
405	3952	405	3963
405	3953	405	3964
405	3954	405	3966
405	3955	405	3969
405	3956	405	3954
405	3957	405	3951
405	3958	405	3972
405	3959	405	3959
405	3960	405	3957
405	3961	405	3953
405	3962	405	3971
405	3963	405	3965
405	3964	405	3970
405	3965	405	3967
405	3966	405	3952
405	3967	405	3960
405	3968	405	3958
405	3969	405	3955
405	3970	405	3962
405	3971	405	3968
405	3972	405	3956
406	3973	406	3974
406	3974	406	3975
406	3975	406	3978
406	3976	406	3976
406	3977	406	3977
406	3978	406	3973
408	3980	408	3989
408	3981	408	3981
408	3982	408	3984
408	3983	408	3985
408	3984	408	3986
408	3985	408	3982
408	3986	408	3983
408	3987	408	3987
408	3988	408	3988
408	3989	408	3980
409	3990	409	3997
409	3991	409	3990
409	3992	409	4000
409	3993	409	3996
409	3994	409	3999
409	3995	409	3998
409	3996	409	3991
409	3997	409	3994
409	3998	409	4003
409	3999	409	4002
409	4000	409	4001
409	4001	409	3995
409	4002	409	3993
409	4003	409	3992
410	4004	410	4023
410	4005	410	4019
410	4006	410	4014
410	4007	410	4028
410	4008	410	4029
410	4009	410	4006
410	4010	410	4007
410	4011	410	4015
410	4012	410	4025
410	4013	410	4005
410	4014	410	4009
410	4015	410	4030
410	4016	410	4032
410	4017	410	4027
410	4018	410	4016
410	4019	410	4022
410	4020	410	4031
410	4021	410	4018
410	4022	410	4010
410	4023	410	4008
410	4024	410	4004
410	4025	410	4012
410	4026	410	4013
410	4027	410	4021
410	4028	410	4011
410	4029	410	4020
410	4030	410	4017
410	4031	410	4026
410	4032	410	4024
411	4033	411	4033
411	4034	411	4037
411	4035	411	4035
411	4036	411	4036
411	4037	411	4034
412	4038	412	4049
412	4039	412	4044
412	4040	412	4043
412	4041	412	4041
412	4042	412	4047
412	4043	412	4050
412	4044	412	4039
412	4045	412	4048
412	4046	412	4038
412	4047	412	4040
412	4048	412	4045
412	4049	412	4042
412	4050	412	4046
413	4051	413	4062
413	4052	413	4061
413	4053	413	4078
413	4054	413	4070
413	4055	413	4071
413	4056	413	4073
413	4057	413	4079
413	4058	413	4074
413	4059	413	4055
413	4060	413	4056
413	4061	413	4069
413	4062	413	4083
413	4063	413	4076
413	4064	413	4054
413	4065	413	4082
413	4066	413	4058
413	4067	413	4075
413	4068	413	4077
413	4069	413	4066
413	4070	413	4053
413	4071	413	4060
413	4072	413	4068
413	4073	413	4064
413	4074	413	4080
413	4075	413	4052
413	4076	413	4085
413	4077	413	4072
413	4078	413	4057
413	4079	413	4081
413	4080	413	4059
413	4081	413	4051
413	4082	413	4084
413	4083	413	4063
413	4084	413	4067
413	4085	413	4065
414	4086	414	4088
414	4087	414	4087
414	4088	414	4086
414	4089	414	4090
414	4090	414	4091
414	4091	414	4089
415	4092	415	4097
415	4093	415	4096
415	4094	415	4095
415	4095	415	4094
415	4096	415	4101
415	4097	415	4106
415	4098	415	4109
415	4099	415	4099
415	4100	415	4105
415	4101	415	4107
415	4102	415	4092
415	4103	415	4108
415	4104	415	4098
415	4105	415	4103
415	4106	415	4102
415	4107	415	4093
415	4108	415	4100
415	4109	415	4104
415	4110	415	4110
416	4111	416	4117
416	4112	416	4116
416	4113	416	4112
416	4114	416	4115
416	4115	416	4113
416	4116	416	4118
416	4117	416	4114
416	4118	416	4111
418	4120	418	4123
418	4121	418	4124
418	4122	418	4121
418	4123	418	4120
418	4124	418	4122
419	4125	419	4149
419	4126	419	4146
419	4127	419	4143
419	4128	419	4131
419	4129	419	4138
419	4130	419	4137
419	4131	419	4132
419	4132	419	4147
419	4133	419	4128
419	4134	419	4136
419	4135	419	4135
419	4136	419	4141
419	4137	419	4142
419	4138	419	4144
419	4139	419	4127
419	4140	419	4126
419	4141	419	4150
419	4142	419	4133
419	4143	419	4153
419	4144	419	4139
419	4145	419	4129
419	4146	419	4125
419	4147	419	4130
419	4148	419	4148
419	4149	419	4151
419	4150	419	4140
419	4151	419	4145
419	4152	419	4134
419	4153	419	4152
420	4154	420	4158
420	4155	420	4157
420	4156	420	4155
420	4157	420	4159
420	4158	420	4160
420	4159	420	4156
420	4160	420	4154
421	4161	421	4163
421	4162	421	4162
421	4163	421	4165
421	4164	421	4164
421	4165	421	4161
422	4166	422	4176
422	4167	422	4166
422	4168	422	4169
422	4169	422	4177
422	4170	422	4171
422	4171	422	4170
422	4172	422	4168
422	4173	422	4174
422	4174	422	4173
422	4175	422	4175
422	4176	422	4167
422	4177	422	4178
422	4178	422	4172
423	4179	423	4180
423	4180	423	4184
423	4181	423	4185
423	4182	423	4182
423	4183	423	4187
423	4184	423	4183
423	4185	423	4188
423	4186	423	4179
423	4187	423	4181
423	4188	423	4186
424	4189	424	4190
424	4190	424	4192
424	4191	424	4189
424	4192	424	4194
424	4193	424	4191
424	4194	424	4193
425	4195	425	4199
425	4196	425	4205
425	4197	425	4204
425	4198	425	4197
425	4199	425	4198
425	4200	425	4200
425	4201	425	4196
425	4202	425	4209
425	4203	425	4207
425	4204	425	4202
425	4205	425	4208
425	4206	425	4201
425	4207	425	4195
425	4208	425	4203
425	4209	425	4206
426	4210	426	4210
426	4211	426	4214
426	4212	426	4215
426	4213	426	4212
426	4214	426	4211
426	4215	426	4213
427	4216	427	4228
427	4217	427	4225
427	4218	427	4216
427	4219	427	4227
427	4220	427	4219
427	4221	427	4229
427	4222	427	4233
427	4223	427	4221
427	4224	427	4234
427	4225	427	4236
427	4226	427	4222
427	4227	427	4232
427	4228	427	4230
427	4229	427	4224
427	4230	427	4226
427	4231	427	4220
427	4232	427	4231
427	4233	427	4218
427	4234	427	4235
427	4235	427	4223
427	4236	427	4217
428	4237	428	4239
428	4238	428	4253
428	4239	428	4249
428	4240	428	4237
428	4241	428	4251
428	4242	428	4242
428	4243	428	4241
428	4244	428	4248
428	4245	428	4256
428	4246	428	4244
428	4247	428	4247
428	4248	428	4250
428	4249	428	4245
428	4250	428	4240
428	4251	428	4254
428	4252	428	4243
428	4253	428	4246
428	4254	428	4238
428	4255	428	4255
428	4256	428	4252
429	4257	429	4285
429	4258	429	4273
429	4259	429	4263
429	4260	429	4269
429	4261	429	4271
429	4262	429	4279
429	4263	429	4258
429	4264	429	4262
429	4265	429	4278
429	4266	429	4267
429	4267	429	4264
429	4268	429	4268
429	4269	429	4276
429	4270	429	4274
429	4271	429	4257
429	4272	429	4284
429	4273	429	4260
429	4274	429	4272
429	4275	429	4266
429	4276	429	4277
429	4277	429	4270
429	4278	429	4283
429	4279	429	4282
429	4280	429	4261
429	4281	429	4275
429	4282	429	4265
429	4283	429	4281
429	4284	429	4259
429	4285	429	4280
430	4286	430	4295
430	4287	430	4303
430	4288	430	4290
430	4289	430	4288
430	4290	430	4292
430	4291	430	4299
430	4292	430	4293
430	4293	430	4297
430	4294	430	4291
430	4295	430	4286
430	4296	430	4302
430	4297	430	4298
430	4298	430	4296
430	4299	430	4289
430	4300	430	4287
430	4301	430	4301
430	4302	430	4300
430	4303	430	4294
431	4304	431	4307
431	4305	431	4304
431	4306	431	4306
431	4307	431	4305
433	4309	433	4310
433	4310	433	4312
433	4311	433	4309
433	4312	433	4311
434	4313	434	4316
434	4314	434	4318
434	4315	434	4315
434	4316	434	4313
434	4317	434	4319
434	4318	434	4314
434	4319	434	4320
434	4320	434	4317
435	4321	435	4324
435	4322	435	4321
435	4323	435	4323
435	4324	435	4322
436	4325	436	4332
436	4326	436	4326
436	4327	436	4339
436	4328	436	4338
436	4329	436	4337
436	4330	436	4331
436	4331	436	4336
436	4332	436	4333
436	4333	436	4325
436	4334	436	4340
436	4335	436	4330
436	4336	436	4327
436	4337	436	4328
436	4338	436	4329
436	4339	436	4335
436	4340	436	4334
437	4341	437	4343
437	4342	437	4342
437	4343	437	4341
437	4344	437	4344
438	4345	438	4348
438	4346	438	4347
438	4347	438	4351
438	4348	438	4350
438	4349	438	4346
438	4350	438	4345
438	4351	438	4352
438	4352	438	4349
439	4353	439	4365
439	4354	439	4373
439	4355	439	4358
439	4356	439	4374
439	4357	439	4356
439	4358	439	4375
439	4359	439	4368
439	4360	439	4362
439	4361	439	4355
439	4362	439	4369
439	4363	439	4379
439	4364	439	4380
439	4365	439	4371
439	4366	439	4377
439	4367	439	4367
439	4368	439	4376
439	4369	439	4361
439	4370	439	4354
439	4371	439	4382
439	4372	439	4372
439	4373	439	4370
439	4374	439	4353
439	4375	439	4360
439	4376	439	4366
439	4377	439	4357
439	4378	439	4381
439	4379	439	4378
439	4380	439	4363
439	4381	439	4359
439	4382	439	4364
440	4383	440	4384
440	4384	440	4383
441	4385	441	4386
441	4386	441	4385
441	4387	441	4388
441	4388	441	4387
442	4389	442	4401
442	4390	442	4391
442	4391	442	4399
442	4392	442	4390
442	4393	442	4396
442	4394	442	4398
442	4395	442	4402
442	4396	442	4393
442	4397	442	4395
442	4398	442	4403
442	4399	442	4404
442	4400	442	4389
442	4401	442	4397
442	4402	442	4400
442	4403	442	4405
442	4404	442	4394
442	4405	442	4392
443	4406	443	4407
443	4407	443	4406
443	4408	443	4408
444	4409	444	4415
444	4410	444	4409
444	4411	444	4412
444	4412	444	4413
444	4413	444	4410
444	4414	444	4411
444	4415	444	4414
445	4416	445	4416
445	4417	445	4418
445	4418	445	4420
445	4419	445	4419
445	4420	445	4421
445	4421	445	4425
445	4422	445	4417
445	4423	445	4430
445	4424	445	4423
445	4425	445	4428
445	4426	445	4431
445	4427	445	4422
445	4428	445	4427
445	4429	445	4426
445	4430	445	4432
445	4431	445	4424
445	4432	445	4429
446	4433	446	4433
446	4434	446	4434
447	4435	447	4443
447	4436	447	4445
447	4437	447	4442
447	4438	447	4435
447	4439	447	4447
447	4440	447	4439
447	4441	447	4441
447	4442	447	4436
447	4443	447	4440
447	4444	447	4437
447	4445	447	4438
447	4446	447	4449
447	4447	447	4448
447	4448	447	4450
447	4449	447	4444
447	4450	447	4446
448	4451	448	4451
448	4452	448	4453
448	4453	448	4452
448	4454	448	4454
449	4455	449	4460
449	4456	449	4455
449	4457	449	4459
449	4458	449	4458
449	4459	449	4461
449	4460	449	4457
449	4461	449	4456
450	4462	450	4467
450	4463	450	4468
450	4464	450	4472
450	4465	450	4466
450	4466	450	4471
450	4467	450	4474
450	4468	450	4464
450	4469	450	4473
450	4470	450	4462
450	4471	450	4465
450	4472	450	4470
450	4473	450	4469
450	4474	450	4463
451	4475	451	4478
451	4476	451	4479
451	4477	451	4477
451	4478	451	4480
451	4479	451	4476
451	4480	451	4475
452	4481	452	4481
452	4482	452	4486
452	4483	452	4488
452	4484	452	4483
452	4485	452	4487
452	4486	452	4484
452	4487	452	4485
452	4488	452	4482
453	4489	453	4495
453	4490	453	4491
453	4491	453	4492
453	4492	453	4489
453	4493	453	4494
453	4494	453	4490
453	4495	453	4493
453	4496	453	4496
454	4497	454	4500
454	4498	454	4497
454	4499	454	4499
454	4500	454	4498
454	4501	454	4501
455	4502	455	4505
455	4503	455	4503
455	4504	455	4502
455	4505	455	4504
456	4506	456	4507
456	4507	456	4506
456	4508	456	4510
456	4509	456	4508
456	4510	456	4513
456	4511	456	4509
456	4512	456	4511
456	4513	456	4512
457	4514	457	4519
457	4515	457	4520
457	4516	457	4526
457	4517	457	4516
457	4518	457	4524
457	4519	457	4525
457	4520	457	4521
457	4521	457	4515
457	4522	457	4517
457	4523	457	4514
457	4524	457	4518
457	4525	457	4522
457	4526	457	4523
458	4527	458	4531
458	4528	458	4530
458	4529	458	4529
458	4530	458	4528
458	4531	458	4527
458	4532	458	4533
458	4533	458	4532
459	4534	459	4546
459	4535	459	4536
459	4536	459	4539
459	4537	459	4542
459	4538	459	4544
459	4539	459	4548
459	4540	459	4543
459	4541	459	4534
459	4542	459	4537
459	4543	459	4540
459	4544	459	4535
459	4545	459	4547
459	4546	459	4545
459	4547	459	4538
459	4548	459	4541
460	4549	460	4549
460	4550	460	4550
461	4551	461	4556
461	4552	461	4561
461	4553	461	4555
461	4554	461	4557
461	4555	461	4552
461	4556	461	4554
461	4557	461	4551
461	4558	461	4560
461	4559	461	4553
461	4560	461	4558
461	4561	461	4559
462	4562	462	4562
462	4563	462	4563
463	4564	463	4568
463	4565	463	4567
463	4566	463	4569
463	4567	463	4564
463	4568	463	4566
463	4569	463	4565
464	4570	464	4570
464	4571	464	4574
464	4572	464	4572
464	4573	464	4573
464	4574	464	4575
464	4575	464	4571
465	4576	465	4582
465	4577	465	4583
465	4578	465	4584
465	4579	465	4576
465	4580	465	4587
465	4581	465	4578
465	4582	465	4580
465	4583	465	4585
465	4584	465	4586
465	4585	465	4579
465	4586	465	4581
465	4587	465	4577
466	4588	466	4590
466	4589	466	4588
466	4590	466	4592
466	4591	466	4591
466	4592	466	4589
467	4593	467	4594
467	4594	467	4595
467	4595	467	4602
467	4596	467	4601
467	4597	467	4605
467	4598	467	4604
467	4599	467	4599
467	4600	467	4603
467	4601	467	4600
467	4602	467	4606
467	4603	467	4597
467	4604	467	4596
467	4605	467	4598
467	4606	467	4593
468	4607	468	4611
468	4608	468	4607
468	4609	468	4608
468	4610	468	4610
468	4611	468	4609
469	4612	469	4613
469	4613	469	4618
469	4614	469	4626
469	4615	469	4612
469	4616	469	4629
469	4617	469	4619
469	4618	469	4623
469	4619	469	4625
469	4620	469	4620
469	4621	469	4616
469	4622	469	4617
469	4623	469	4622
469	4624	469	4615
469	4625	469	4627
469	4626	469	4614
469	4627	469	4621
469	4628	469	4624
469	4629	469	4628
470	4630	470	4650
470	4631	470	4632
470	4632	470	4640
470	4633	470	4651
470	4634	470	4630
470	4635	470	4631
470	4636	470	4648
470	4637	470	4654
470	4638	470	4643
470	4639	470	4636
470	4640	470	4647
470	4641	470	4641
470	4642	470	4635
470	4643	470	4645
470	4644	470	4637
470	4645	470	4642
470	4646	470	4639
470	4647	470	4653
470	4648	470	4634
470	4649	470	4656
470	4650	470	4655
470	4651	470	4649
470	4652	470	4644
470	4653	470	4646
470	4654	470	4652
470	4655	470	4633
470	4656	470	4638
471	4657	471	4666
471	4658	471	4665
471	4659	471	4673
471	4660	471	4667
471	4661	471	4677
471	4662	471	4678
471	4663	471	4660
471	4664	471	4682
471	4665	471	4676
471	4666	471	4663
471	4667	471	4680
471	4668	471	4679
471	4669	471	4675
471	4670	471	4674
471	4671	471	4670
471	4672	471	4668
471	4673	471	4671
471	4674	471	4672
471	4675	471	4662
471	4676	471	4659
471	4677	471	4658
471	4678	471	4669
471	4679	471	4657
471	4680	471	4661
471	4681	471	4681
471	4682	471	4664
472	4683	472	4684
472	4684	472	4683
472	4685	472	4685
472	4686	472	4686
473	4687	473	4689
473	4688	473	4694
473	4689	473	4687
473	4690	473	4693
473	4691	473	4698
473	4692	473	4692
473	4693	473	4696
473	4694	473	4690
473	4695	473	4697
473	4696	473	4695
473	4697	473	4688
473	4698	473	4691
474	4699	474	4700
474	4700	474	4701
474	4701	474	4707
474	4702	474	4709
474	4703	474	4699
474	4704	474	4703
474	4705	474	4702
474	4706	474	4705
474	4707	474	4704
474	4708	474	4708
474	4709	474	4706
475	4710	475	4725
475	4711	475	4721
475	4712	475	4720
475	4713	475	4716
475	4714	475	4713
475	4715	475	4723
475	4716	475	4714
475	4717	475	4715
475	4718	475	4724
475	4719	475	4712
475	4720	475	4719
475	4721	475	4711
475	4722	475	4718
475	4723	475	4710
475	4724	475	4722
475	4725	475	4717
476	4726	476	4734
476	4727	476	4729
476	4728	476	4727
476	4729	476	4735
476	4730	476	4738
476	4731	476	4733
476	4732	476	4731
476	4733	476	4730
476	4734	476	4732
476	4735	476	4737
476	4736	476	4726
476	4737	476	4728
476	4738	476	4736
477	4739	477	4741
477	4740	477	4740
477	4741	477	4739
478	4742	478	4743
478	4743	478	4754
478	4744	478	4756
478	4745	478	4749
478	4746	478	4753
478	4747	478	4742
478	4748	478	4752
478	4749	478	4755
478	4750	478	4748
478	4751	478	4746
478	4752	478	4751
478	4753	478	4750
478	4754	478	4757
478	4755	478	4747
478	4756	478	4744
478	4757	478	4745
479	4758	479	4766
479	4759	479	4767
479	4760	479	4764
479	4761	479	4763
479	4762	479	4761
479	4763	479	4759
479	4764	479	4758
479	4765	479	4760
479	4766	479	4762
479	4767	479	4765
480	4768	480	4770
480	4769	480	4768
480	4770	480	4773
480	4771	480	4771
480	4772	480	4772
480	4773	480	4774
480	4774	480	4769
480	4775	480	4775
480	4776	480	4776
481	4777	481	4779
481	4778	481	4780
481	4779	481	4783
481	4780	481	4782
481	4781	481	4781
481	4782	481	4778
481	4783	481	4777
482	4784	482	4789
482	4785	482	4799
482	4786	482	4800
482	4787	482	4810
482	4788	482	4798
482	4789	482	4811
482	4790	482	4791
482	4791	482	4813
482	4792	482	4784
482	4793	482	4797
482	4794	482	4816
482	4795	482	4808
482	4796	482	4814
482	4797	482	4805
482	4798	482	4795
482	4799	482	4788
482	4800	482	4809
482	4801	482	4794
482	4802	482	4801
482	4803	482	4804
482	4804	482	4786
482	4805	482	4812
482	4806	482	4815
482	4807	482	4807
482	4808	482	4803
482	4809	482	4790
482	4810	482	4796
482	4811	482	4793
482	4812	482	4792
482	4813	482	4802
482	4814	482	4787
482	4815	482	4785
482	4816	482	4806
483	4817	483	4827
483	4818	483	4824
483	4819	483	4818
483	4820	483	4844
483	4821	483	4826
483	4822	483	4843
483	4823	483	4821
483	4824	483	4834
483	4825	483	4825
483	4826	483	4822
483	4827	483	4836
483	4828	483	4831
483	4829	483	4832
483	4830	483	4823
483	4831	483	4845
483	4832	483	4830
483	4833	483	4817
483	4834	483	4842
483	4835	483	4846
483	4836	483	4838
483	4837	483	4835
483	4838	483	4820
483	4839	483	4828
483	4840	483	4833
483	4841	483	4819
483	4842	483	4829
483	4843	483	4839
483	4844	483	4847
483	4845	483	4848
483	4846	483	4837
483	4847	483	4841
483	4848	483	4840
484	4849	484	4857
484	4850	484	4850
484	4851	484	4855
484	4852	484	4851
484	4853	484	4854
484	4854	484	4861
484	4855	484	4853
484	4856	484	4856
484	4857	484	4859
484	4858	484	4849
484	4859	484	4860
484	4860	484	4852
484	4861	484	4858
485	4862	485	4892
485	4863	485	4887
485	4864	485	4894
485	4865	485	4888
485	4866	485	4864
485	4867	485	4872
485	4868	485	4886
485	4869	485	4895
485	4870	485	4893
485	4871	485	4879
485	4872	485	4881
485	4873	485	4877
485	4874	485	4867
485	4875	485	4885
485	4876	485	4882
485	4877	485	4871
485	4878	485	4880
485	4879	485	4890
485	4880	485	4891
485	4881	485	4870
485	4882	485	4876
485	4883	485	4866
485	4884	485	4878
485	4885	485	4883
485	4886	485	4884
485	4887	485	4874
485	4888	485	4863
485	4889	485	4868
485	4890	485	4875
485	4891	485	4889
485	4892	485	4865
485	4893	485	4869
485	4894	485	4862
485	4895	485	4873
486	4896	486	4900
486	4897	486	4898
486	4898	486	4896
486	4899	486	4897
486	4900	486	4906
486	4901	486	4912
486	4902	486	4908
486	4903	486	4907
486	4904	486	4903
486	4905	486	4899
486	4906	486	4905
486	4907	486	4910
486	4908	486	4904
486	4909	486	4901
486	4910	486	4911
486	4911	486	4909
486	4912	486	4902
489	4915	489	4915
489	4916	489	4917
489	4917	489	4916
490	4918	490	4932
490	4919	490	4924
490	4920	490	4919
490	4921	490	4926
490	4922	490	4923
490	4923	490	4921
490	4924	490	4928
490	4925	490	4929
490	4926	490	4931
490	4927	490	4922
490	4928	490	4930
490	4929	490	4933
490	4930	490	4925
490	4931	490	4927
490	4932	490	4920
490	4933	490	4918
491	4934	491	4947
491	4935	491	4951
491	4936	491	4934
491	4937	491	4940
491	4938	491	4936
491	4939	491	4949
491	4940	491	4941
491	4941	491	4950
491	4942	491	4937
491	4943	491	4939
491	4944	491	4935
491	4945	491	4946
491	4946	491	4938
491	4947	491	4944
491	4948	491	4943
491	4949	491	4942
491	4950	491	4945
491	4951	491	4948
492	4952	492	4958
492	4953	492	4954
492	4954	492	4957
492	4955	492	4956
492	4956	492	4953
492	4957	492	4955
492	4958	492	4952
493	4959	493	4959
493	4960	493	4960
493	4961	493	4962
493	4962	493	4965
493	4963	493	4963
493	4964	493	4964
493	4965	493	4961
494	4966	494	4973
494	4967	494	4972
494	4968	494	4974
494	4969	494	4971
494	4970	494	4969
494	4971	494	4967
494	4972	494	4975
494	4973	494	4968
494	4974	494	4966
494	4975	494	4970
494	4976	494	4976
495	4977	495	4979
495	4978	495	4984
495	4979	495	4980
495	4980	495	4981
495	4981	495	4977
495	4982	495	4990
495	4983	495	4988
495	4984	495	4987
495	4985	495	4983
495	4986	495	4989
495	4987	495	4991
495	4988	495	4978
495	4989	495	4985
495	4990	495	4982
495	4991	495	4986
496	4992	496	4993
496	4993	496	4994
496	4994	496	4992
497	4995	497	5020
497	4996	497	5021
497	4997	497	5001
497	4998	497	5015
497	4999	497	4999
497	5000	497	5004
497	5001	497	5019
497	5002	497	5002
497	5003	497	5016
497	5004	497	5014
497	5005	497	5009
497	5006	497	4998
497	5007	497	5000
497	5008	497	5026
497	5009	497	5008
497	5010	497	5012
497	5011	497	5027
497	5012	497	5011
497	5013	497	5010
497	5014	497	4996
497	5015	497	4995
497	5016	497	5006
497	5017	497	5013
497	5018	497	5005
497	5019	497	5024
497	5020	497	5003
497	5021	497	5017
497	5022	497	5007
497	5023	497	5022
497	5024	497	5018
497	5025	497	5023
497	5026	497	5025
497	5027	497	4997
498	5028	498	5031
498	5029	498	5044
498	5030	498	5037
498	5031	498	5042
498	5032	498	5035
498	5033	498	5034
498	5034	498	5039
498	5035	498	5040
498	5036	498	5038
498	5037	498	5046
498	5038	498	5036
498	5039	498	5032
498	5040	498	5047
498	5041	498	5045
498	5042	498	5028
498	5043	498	5041
498	5044	498	5033
498	5045	498	5043
498	5046	498	5048
498	5047	498	5030
498	5048	498	5029
499	5049	499	5051
499	5050	499	5049
499	5051	499	5050
499	5052	499	5053
499	5053	499	5052
500	5054	500	5055
500	5055	500	5063
500	5056	500	5059
500	5057	500	5061
500	5058	500	5056
500	5059	500	5066
500	5060	500	5058
500	5061	500	5057
500	5062	500	5067
500	5063	500	5064
500	5064	500	5060
500	5065	500	5065
500	5066	500	5054
500	5067	500	5062
501	5068	501	5075
501	5069	501	5082
501	5070	501	5076
501	5071	501	5085
501	5072	501	5093
501	5073	501	5077
501	5074	501	5083
501	5075	501	5081
501	5076	501	5069
501	5077	501	5095
501	5078	501	5088
501	5079	501	5094
501	5080	501	5092
501	5081	501	5074
501	5082	501	5079
501	5083	501	5090
501	5084	501	5084
501	5085	501	5080
501	5086	501	5070
501	5087	501	5078
501	5088	501	5068
501	5089	501	5091
501	5090	501	5073
501	5091	501	5089
501	5092	501	5097
501	5093	501	5096
501	5094	501	5071
501	5095	501	5086
501	5096	501	5072
501	5097	501	5087
502	5098	502	5100
502	5099	502	5099
502	5100	502	5105
502	5101	502	5106
502	5102	502	5108
502	5103	502	5104
502	5104	502	5102
502	5105	502	5101
502	5106	502	5098
502	5107	502	5103
502	5108	502	5107
