0	1	0	1
0	2	0	2
1	3	1	4
1	4	1	6
1	5	1	7
1	6	1	9
1	7	1	3
1	8	1	5
1	9	1	8
2	10	2	14
2	11	2	13
2	12	2	21
2	13	2	19
2	14	2	11
2	15	2	12
2	16	2	16
2	17	2	10
2	18	2	15
2	19	2	17
2	20	2	20
2	21	2	22
2	22	2	18
4	24	4	25
4	25	4	28
4	26	4	39
4	27	4	33
4	28	4	40
4	29	4	34
4	30	4	30
4	31	4	36
4	32	4	27
4	33	4	26
4	34	4	37
4	35	4	29
4	36	4	24
4	37	4	31
4	38	4	35
4	39	4	32
4	40	4	38
5	41	5	45
5	42	5	59
5	43	5	44
5	44	5	61
5	45	5	66
5	46	5	46
5	47	5	48
5	48	5	54
5	49	5	64
5	50	5	62
5	51	5	58
5	52	5	53
5	53	5	55
5	54	5	50
5	55	5	41
5	56	5	60
5	57	5	65
5	58	5	63
5	59	5	56
5	60	5	57
5	61	5	52
5	62	5	47
5	63	5	49
5	64	5	42
5	65	5	51
5	66	5	43
6	67	6	70
6	68	6	77
6	69	6	71
6	70	6	69
6	71	6	67
6	72	6	73
6	73	6	72
6	74	6	79
6	75	6	74
6	76	6	78
6	77	6	75
6	78	6	82
6	79	6	68
6	80	6	76
6	81	6	81
6	82	6	80
6	83	6	83
7	84	7	96
7	85	7	90
7	86	7	84
7	87	7	93
7	88	7	97
7	89	7	88
7	90	7	86
7	91	7	85
7	92	7	94
7	93	7	98
7	94	7	91
7	95	7	89
7	96	7	87
7	97	7	99
7	98	7	92
7	99	7	95
9	101	9	101
9	102	9	103
9	103	9	102
10	104	10	105
10	105	10	104
10	106	10	109
10	107	10	106
10	108	10	108
10	109	10	107
11	110	11	112
11	111	11	117
11	112	11	111
11	113	11	113
11	114	11	110
11	115	11	115
11	116	11	116
11	117	11	114
12	118	12	125
12	119	12	119
12	120	12	120
12	121	12	123
12	122	12	121
12	123	12	124
12	124	12	122
12	125	12	118
13	126	13	131
13	127	13	137
13	128	13	132
13	129	13	140
13	130	13	135
13	131	13	139
13	132	13	134
13	133	13	136
13	134	13	129
13	135	13	127
13	136	13	133
13	137	13	126
13	138	13	128
13	139	13	130
13	140	13	138
13	141	13	141
14	142	14	143
14	143	14	147
14	144	14	151
14	145	14	142
14	146	14	145
14	147	14	152
14	148	14	150
14	149	14	144
14	150	14	148
14	151	14	149
14	152	14	146
14	153	14	153
15	154	15	156
15	155	15	159
15	156	15	160
15	157	15	158
15	158	15	164
15	159	15	161
15	160	15	165
15	161	15	157
15	162	15	163
15	163	15	154
15	164	15	162
15	165	15	155
16	166	16	168
16	167	16	170
16	168	16	166
16	169	16	169
16	170	16	167
17	171	17	175
17	172	17	174
17	173	17	177
17	174	17	173
17	175	17	171
17	176	17	178
17	177	17	176
17	178	17	172
18	179	18	180
18	180	18	187
18	181	18	183
18	182	18	185
18	183	18	186
18	184	18	179
18	185	18	182
18	186	18	190
18	187	18	184
18	188	18	189
18	189	18	191
18	190	18	188
18	191	18	181
19	192	19	198
19	193	19	196
19	194	19	192
19	195	19	197
19	196	19	194
19	197	19	193
19	198	19	195
20	199	20	199
20	200	20	200
21	201	21	201
21	202	21	202
23	204	23	208
23	205	23	210
23	206	23	215
23	207	23	205
23	208	23	207
23	209	23	214
23	210	23	217
23	211	23	211
23	212	23	204
23	213	23	209
23	214	23	206
23	215	23	212
23	216	23	213
23	217	23	216
24	218	24	218
24	219	24	219
25	220	25	220
25	221	25	230
25	222	25	226
25	223	25	228
25	224	25	221
25	225	25	222
25	226	25	225
25	227	25	224
25	228	25	223
25	229	25	229
25	230	25	227
26	231	26	232
26	232	26	231
27	233	27	236
27	234	27	234
27	235	27	237
27	236	27	233
27	237	27	235
28	238	28	241
28	239	28	238
28	240	28	242
28	241	28	243
28	242	28	245
28	243	28	239
28	244	28	244
28	245	28	240
29	246	29	248
29	247	29	249
29	248	29	246
29	249	29	247
30	250	30	250
30	251	30	251
31	252	31	252
31	253	31	253
32	254	32	256
32	255	32	255
32	256	32	263
32	257	32	265
32	258	32	262
32	259	32	259
32	260	32	254
32	261	32	261
32	262	32	258
32	263	32	260
32	264	32	264
32	265	32	257
34	267	34	269
34	268	34	280
34	269	34	273
34	270	34	271
34	271	34	267
34	272	34	279
34	273	34	268
34	274	34	277
34	275	34	276
34	276	34	270
34	277	34	274
34	278	34	278
34	279	34	275
34	280	34	281
34	281	34	272
34	282	34	282
35	283	35	300
35	284	35	297
35	285	35	284
35	286	35	292
35	287	35	295
35	288	35	303
35	289	35	299
35	290	35	306
35	291	35	293
35	292	35	283
35	293	35	296
35	294	35	301
35	295	35	288
35	296	35	294
35	297	35	287
35	298	35	289
35	299	35	290
35	300	35	291
35	301	35	298
35	302	35	285
35	303	35	304
35	304	35	302
35	305	35	305
35	306	35	286
36	307	36	319
36	308	36	313
36	309	36	318
36	310	36	311
36	311	36	321
36	312	36	312
36	313	36	308
36	314	36	315
36	315	36	307
36	316	36	317
36	317	36	310
36	318	36	309
36	319	36	314
36	320	36	316
36	321	36	320
38	323	38	330
38	324	38	338
38	325	38	329
38	326	38	328
38	327	38	336
38	328	38	323
38	329	38	324
38	330	38	339
38	331	38	333
38	332	38	326
38	333	38	334
38	334	38	335
38	335	38	337
38	336	38	332
38	337	38	327
38	338	38	325
38	339	38	331
39	340	39	341
39	341	39	342
39	342	39	343
39	343	39	345
39	344	39	340
39	345	39	344
40	346	40	346
40	347	40	357
40	348	40	354
40	349	40	350
40	350	40	351
40	351	40	353
40	352	40	349
40	353	40	355
40	354	40	347
40	355	40	352
40	356	40	356
40	357	40	348
41	358	41	365
41	359	41	360
41	360	41	361
41	361	41	362
41	362	41	358
41	363	41	359
41	364	41	364
41	365	41	363
42	366	42	367
42	367	42	369
42	368	42	370
42	369	42	368
42	370	42	366
43	371	43	379
43	372	43	380
43	373	43	377
43	374	43	385
43	375	43	376
43	376	43	372
43	377	43	382
43	378	43	384
43	379	43	381
43	380	43	378
43	381	43	371
43	382	43	383
43	383	43	373
43	384	43	374
43	385	43	375
47	389	47	391
47	390	47	395
47	391	47	389
47	392	47	394
47	393	47	390
47	394	47	397
47	395	47	392
47	396	47	399
47	397	47	398
47	398	47	393
47	399	47	396
49	401	49	401
49	402	49	403
49	403	49	404
49	404	49	405
49	405	49	402
50	406	50	410
50	407	50	409
50	408	50	408
50	409	50	411
50	410	50	407
50	411	50	406
51	412	51	413
51	413	51	416
51	414	51	415
51	415	51	414
51	416	51	417
51	417	51	412
52	418	52	419
52	419	52	420
52	420	52	425
52	421	52	421
52	422	52	422
52	423	52	423
52	424	52	418
52	425	52	424
53	426	53	431
53	427	53	435
53	428	53	428
53	429	53	432
53	430	53	430
53	431	53	426
53	432	53	433
53	433	53	427
53	434	53	436
53	435	53	434
53	436	53	429
54	437	54	443
54	438	54	437
54	439	54	440
54	440	54	439
54	441	54	442
54	442	54	438
54	443	54	441
55	444	55	447
55	445	55	446
55	446	55	449
55	447	55	444
55	448	55	445
55	449	55	448
55	450	55	450
57	452	57	452
57	453	57	457
57	454	57	455
57	455	57	453
57	456	57	456
57	457	57	454
58	458	58	459
58	459	58	458
59	460	59	464
59	461	59	461
59	462	59	462
59	463	59	466
59	464	59	460
59	465	59	463
59	466	59	465
60	467	60	473
60	468	60	470
60	469	60	469
60	470	60	475
60	471	60	468
60	472	60	471
60	473	60	472
60	474	60	474
60	475	60	467
61	476	61	477
61	477	61	485
61	478	61	482
61	479	61	478
61	480	61	479
61	481	61	484
61	482	61	476
61	483	61	487
61	484	61	481
61	485	61	480
61	486	61	483
61	487	61	486
62	488	62	491
62	489	62	490
62	490	62	488
62	491	62	507
62	492	62	489
62	493	62	497
62	494	62	496
62	495	62	494
62	496	62	493
62	497	62	499
62	498	62	508
62	499	62	503
62	500	62	504
62	501	62	500
62	502	62	492
62	503	62	506
62	504	62	501
62	505	62	502
62	506	62	505
62	507	62	510
62	508	62	509
62	509	62	495
62	510	62	498
63	511	63	517
63	512	63	515
63	513	63	516
63	514	63	511
63	515	63	514
63	516	63	513
63	517	63	512
64	518	64	526
64	519	64	527
64	520	64	519
64	521	64	518
64	522	64	520
64	523	64	525
64	524	64	521
64	525	64	524
64	526	64	522
64	527	64	523
65	528	65	528
65	529	65	529
66	530	66	533
66	531	66	530
66	532	66	531
66	533	66	534
66	534	66	532
67	535	67	539
67	536	67	540
67	537	67	535
67	538	67	538
67	539	67	536
67	540	67	541
67	541	67	537
68	542	68	543
68	543	68	546
68	544	68	544
68	545	68	545
68	546	68	547
68	547	68	542
68	548	68	548
69	549	69	557
69	550	69	550
69	551	69	559
69	552	69	558
69	553	69	549
69	554	69	551
69	555	69	560
69	556	69	556
69	557	69	554
69	558	69	555
69	559	69	552
69	560	69	553
69	561	69	561
70	562	70	565
70	563	70	572
70	564	70	575
70	565	70	563
70	566	70	576
70	567	70	571
70	568	70	564
70	569	70	567
70	570	70	562
70	571	70	574
70	572	70	577
70	573	70	569
70	574	70	570
70	575	70	566
70	576	70	573
70	577	70	578
70	578	70	568
71	579	71	581
71	580	71	584
71	581	71	591
71	582	71	580
71	583	71	592
71	584	71	589
71	585	71	590
71	586	71	583
71	587	71	579
71	588	71	585
71	589	71	582
71	590	71	594
71	591	71	595
71	592	71	593
71	593	71	587
71	594	71	588
71	595	71	586
72	596	72	604
72	597	72	603
72	598	72	611
72	599	72	613
72	600	72	616
72	601	72	602
72	602	72	599
72	603	72	623
72	604	72	598
72	605	72	609
72	606	72	610
72	607	72	597
72	608	72	618
72	609	72	600
72	610	72	608
72	611	72	612
72	612	72	621
72	613	72	601
72	614	72	617
72	615	72	607
72	616	72	622
72	617	72	606
72	618	72	620
72	619	72	596
72	620	72	614
72	621	72	605
72	622	72	615
72	623	72	619
73	624	73	651
73	625	73	636
73	626	73	631
73	627	73	654
73	628	73	652
73	629	73	639
73	630	73	638
73	631	73	627
73	632	73	648
73	633	73	641
73	634	73	645
73	635	73	629
73	636	73	642
73	637	73	632
73	638	73	656
73	639	73	646
73	640	73	625
73	641	73	643
73	642	73	626
73	643	73	634
73	644	73	635
73	645	73	633
73	646	73	644
73	647	73	653
73	648	73	637
73	649	73	640
73	650	73	628
73	651	73	649
73	652	73	624
73	653	73	650
73	654	73	647
73	655	73	655
73	656	73	630
74	657	74	661
74	658	74	658
74	659	74	660
74	660	74	657
74	661	74	659
75	662	75	664
75	663	75	662
75	664	75	665
75	665	75	666
75	666	75	663
75	667	75	667
76	668	76	671
76	669	76	673
76	670	76	675
76	671	76	674
76	672	76	668
76	673	76	670
76	674	76	672
76	675	76	677
76	676	76	676
76	677	76	669
77	678	77	690
77	679	77	703
77	680	77	698
77	681	77	697
77	682	77	701
77	683	77	694
77	684	77	679
77	685	77	689
77	686	77	680
77	687	77	693
77	688	77	686
77	689	77	699
77	690	77	695
77	691	77	702
77	692	77	682
77	693	77	678
77	694	77	692
77	695	77	688
77	696	77	683
77	697	77	687
77	698	77	685
77	699	77	691
77	700	77	696
77	701	77	700
77	702	77	681
77	703	77	684
78	704	78	704
78	705	78	706
78	706	78	705
78	707	78	707
78	708	78	708
79	709	79	710
79	710	79	712
79	711	79	713
79	712	79	709
79	713	79	711
80	714	80	714
80	715	80	716
80	716	80	715
81	717	81	722
81	718	81	724
81	719	81	717
81	720	81	720
81	721	81	719
81	722	81	723
81	723	81	718
81	724	81	721
82	725	82	732
82	726	82	729
82	727	82	731
82	728	82	739
82	729	82	737
82	730	82	735
82	731	82	725
82	732	82	734
82	733	82	738
82	734	82	728
82	735	82	727
82	736	82	730
82	737	82	733
82	738	82	726
82	739	82	740
82	740	82	736
83	741	83	748
83	742	83	743
83	743	83	746
83	744	83	741
83	745	83	744
83	746	83	745
83	747	83	742
83	748	83	750
83	749	83	749
83	750	83	747
84	751	84	762
84	752	84	760
84	753	84	765
84	754	84	753
84	755	84	769
84	756	84	761
84	757	84	752
84	758	84	770
84	759	84	771
84	760	84	763
84	761	84	764
84	762	84	757
84	763	84	754
84	764	84	756
84	765	84	758
84	766	84	768
84	767	84	755
84	768	84	751
84	769	84	759
84	770	84	767
84	771	84	766
85	772	85	772
85	773	85	776
85	774	85	779
85	775	85	774
85	776	85	778
85	777	85	777
85	778	85	775
85	779	85	780
85	780	85	773
86	781	86	804
86	782	86	801
86	783	86	808
86	784	86	791
86	785	86	807
86	786	86	812
86	787	86	783
86	788	86	782
86	789	86	799
86	790	86	811
86	791	86	781
86	792	86	803
86	793	86	797
86	794	86	787
86	795	86	796
86	796	86	789
86	797	86	798
86	798	86	792
86	799	86	795
86	800	86	793
86	801	86	805
86	802	86	785
86	803	86	788
86	804	86	790
86	805	86	786
86	806	86	810
86	807	86	794
86	808	86	809
86	809	86	800
86	810	86	806
86	811	86	784
86	812	86	802
87	813	87	818
87	814	87	813
87	815	87	822
87	816	87	821
87	817	87	820
87	818	87	817
87	819	87	815
87	820	87	814
87	821	87	819
87	822	87	823
87	823	87	816
88	824	88	825
88	825	88	824
89	826	89	827
89	827	89	828
89	828	89	826
90	829	90	832
90	830	90	834
90	831	90	830
90	832	90	829
90	833	90	835
90	834	90	833
90	835	90	836
90	836	90	831
91	837	91	839
91	838	91	843
91	839	91	840
91	840	91	842
91	841	91	838
91	842	91	837
91	843	91	841
92	844	92	850
92	845	92	853
92	846	92	855
92	847	92	848
92	848	92	852
92	849	92	847
92	850	92	846
92	851	92	854
92	852	92	857
92	853	92	845
92	854	92	844
92	855	92	849
92	856	92	851
92	857	92	858
92	858	92	856
93	859	93	866
93	860	93	874
93	861	93	861
93	862	93	871
93	863	93	872
93	864	93	859
93	865	93	869
93	866	93	862
93	867	93	867
93	868	93	863
93	869	93	873
93	870	93	865
93	871	93	860
93	872	93	864
93	873	93	868
93	874	93	870
94	875	94	887
94	876	94	878
94	877	94	895
94	878	94	886
94	879	94	893
94	880	94	875
94	881	94	883
94	882	94	880
94	883	94	881
94	884	94	877
94	885	94	879
94	886	94	890
94	887	94	884
94	888	94	889
94	889	94	892
94	890	94	894
94	891	94	882
94	892	94	885
94	893	94	888
94	894	94	891
94	895	94	876
97	898	97	911
97	899	97	905
97	900	97	898
97	901	97	913
97	902	97	921
97	903	97	899
97	904	97	916
97	905	97	914
97	906	97	915
97	907	97	904
97	908	97	908
97	909	97	903
97	910	97	918
97	911	97	901
97	912	97	900
97	913	97	909
97	914	97	910
97	915	97	920
97	916	97	917
97	917	97	907
97	918	97	906
97	919	97	919
97	920	97	902
97	921	97	912
98	922	98	928
98	923	98	927
98	924	98	924
98	925	98	922
98	926	98	929
98	927	98	926
98	928	98	925
98	929	98	930
98	930	98	923
99	931	99	931
99	932	99	933
99	933	99	937
99	934	99	932
99	935	99	938
99	936	99	934
99	937	99	935
99	938	99	936
100	939	100	940
100	940	100	941
100	941	100	943
100	942	100	942
100	943	100	939
101	944	101	945
101	945	101	948
101	946	101	946
101	947	101	949
101	948	101	944
101	949	101	947
102	950	102	966
102	951	102	959
102	952	102	960
102	953	102	958
102	954	102	968
102	955	102	951
102	956	102	962
102	957	102	964
102	958	102	969
102	959	102	965
102	960	102	955
102	961	102	953
102	962	102	967
102	963	102	956
102	964	102	952
102	965	102	963
102	966	102	954
102	967	102	950
102	968	102	957
102	969	102	961
103	970	103	984
103	971	103	970
103	972	103	983
103	973	103	982
103	974	103	987
103	975	103	985
103	976	103	986
103	977	103	978
103	978	103	972
103	979	103	976
103	980	103	979
103	981	103	981
103	982	103	988
103	983	103	977
103	984	103	971
103	985	103	975
103	986	103	974
103	987	103	973
103	988	103	980
104	989	104	992
104	990	104	990
104	991	104	996
104	992	104	989
104	993	104	1000
104	994	104	998
104	995	104	995
104	996	104	999
104	997	104	993
104	998	104	994
104	999	104	991
104	1000	104	997
105	1001	105	1021
105	1002	105	1003
105	1003	105	1015
105	1004	105	1018
105	1005	105	1007
105	1006	105	1010
105	1007	105	1001
105	1008	105	1019
105	1009	105	1016
105	1010	105	1008
105	1011	105	1006
105	1012	105	1002
105	1013	105	1009
105	1014	105	1023
105	1015	105	1020
105	1016	105	1013
105	1017	105	1014
105	1018	105	1012
105	1019	105	1017
105	1020	105	1004
105	1021	105	1011
105	1022	105	1005
105	1023	105	1022
106	1024	106	1031
106	1025	106	1030
106	1026	106	1029
106	1027	106	1033
106	1028	106	1027
106	1029	106	1025
106	1030	106	1026
106	1031	106	1032
106	1032	106	1028
106	1033	106	1024
107	1034	107	1037
107	1035	107	1045
107	1036	107	1044
107	1037	107	1040
107	1038	107	1042
107	1039	107	1046
107	1040	107	1036
107	1041	107	1041
107	1042	107	1043
107	1043	107	1038
107	1044	107	1035
107	1045	107	1039
107	1046	107	1047
107	1047	107	1034
108	1048	108	1049
108	1049	108	1051
108	1050	108	1061
108	1051	108	1054
108	1052	108	1052
108	1053	108	1055
108	1054	108	1056
108	1055	108	1050
108	1056	108	1057
108	1057	108	1053
108	1058	108	1059
108	1059	108	1048
108	1060	108	1060
108	1061	108	1058
109	1062	109	1065
109	1063	109	1063
109	1064	109	1064
109	1065	109	1062
110	1066	110	1073
110	1067	110	1071
110	1068	110	1076
110	1069	110	1069
110	1070	110	1067
110	1071	110	1075
110	1072	110	1070
110	1073	110	1068
110	1074	110	1066
110	1075	110	1074
110	1076	110	1072
111	1077	111	1080
111	1078	111	1079
111	1079	111	1078
111	1080	111	1077
112	1081	112	1081
112	1082	112	1082
112	1083	112	1083
113	1084	113	1087
113	1085	113	1085
113	1086	113	1086
113	1087	113	1084
114	1088	114	1089
114	1089	114	1088
115	1090	115	1096
115	1091	115	1091
115	1092	115	1092
115	1093	115	1090
115	1094	115	1097
115	1095	115	1095
115	1096	115	1093
115	1097	115	1094
117	1099	117	1105
117	1100	117	1101
117	1101	117	1104
117	1102	117	1100
117	1103	117	1103
117	1104	117	1099
117	1105	117	1102
118	1106	118	1106
118	1107	118	1118
118	1108	118	1114
118	1109	118	1108
118	1110	118	1111
118	1111	118	1117
118	1112	118	1113
118	1113	118	1119
118	1114	118	1120
118	1115	118	1110
118	1116	118	1116
118	1117	118	1115
118	1118	118	1109
118	1119	118	1107
118	1120	118	1112
119	1121	119	1145
119	1122	119	1122
119	1123	119	1121
119	1124	119	1132
119	1125	119	1135
119	1126	119	1134
119	1127	119	1127
119	1128	119	1139
119	1129	119	1125
119	1130	119	1133
119	1131	119	1131
119	1132	119	1128
119	1133	119	1146
119	1134	119	1143
119	1135	119	1137
119	1136	119	1144
119	1137	119	1140
119	1138	119	1124
119	1139	119	1147
119	1140	119	1138
119	1141	119	1129
119	1142	119	1130
119	1143	119	1136
119	1144	119	1142
119	1145	119	1123
119	1146	119	1141
119	1147	119	1148
119	1148	119	1126
120	1149	120	1161
120	1150	120	1151
120	1151	120	1173
120	1152	120	1168
120	1153	120	1174
120	1154	120	1166
120	1155	120	1150
120	1156	120	1162
120	1157	120	1155
120	1158	120	1152
120	1159	120	1154
120	1160	120	1170
120	1161	120	1153
120	1162	120	1157
120	1163	120	1164
120	1164	120	1165
120	1165	120	1149
120	1166	120	1172
120	1167	120	1163
120	1168	120	1171
120	1169	120	1156
120	1170	120	1159
120	1171	120	1158
120	1172	120	1169
120	1173	120	1160
120	1174	120	1167
121	1175	121	1184
121	1176	121	1181
121	1177	121	1175
121	1178	121	1176
121	1179	121	1186
121	1180	121	1180
121	1181	121	1179
121	1182	121	1177
121	1183	121	1178
121	1184	121	1185
121	1185	121	1183
121	1186	121	1182
122	1187	122	1187
122	1188	122	1188
122	1189	122	1195
122	1190	122	1191
122	1191	122	1194
122	1192	122	1193
122	1193	122	1189
122	1194	122	1190
122	1195	122	1199
122	1196	122	1197
122	1197	122	1192
122	1198	122	1198
122	1199	122	1196
123	1200	123	1202
123	1201	123	1205
123	1202	123	1201
123	1203	123	1206
123	1204	123	1204
123	1205	123	1203
123	1206	123	1200
124	1207	124	1207
124	1208	124	1226
124	1209	124	1225
124	1210	124	1218
124	1211	124	1209
124	1212	124	1222
124	1213	124	1219
124	1214	124	1229
124	1215	124	1212
124	1216	124	1215
124	1217	124	1210
124	1218	124	1211
124	1219	124	1223
124	1220	124	1231
124	1221	124	1221
124	1222	124	1228
124	1223	124	1216
124	1224	124	1227
124	1225	124	1224
124	1226	124	1208
124	1227	124	1230
124	1228	124	1217
124	1229	124	1213
124	1230	124	1220
124	1231	124	1214
125	1232	125	1236
125	1233	125	1232
125	1234	125	1233
125	1235	125	1238
125	1236	125	1239
125	1237	125	1234
125	1238	125	1237
125	1239	125	1235
126	1240	126	1240
126	1241	126	1243
126	1242	126	1242
126	1243	126	1241
127	1244	127	1248
127	1245	127	1249
127	1246	127	1245
127	1247	127	1247
127	1248	127	1244
127	1249	127	1250
127	1250	127	1246
128	1251	128	1262
128	1252	128	1260
128	1253	128	1258
128	1254	128	1254
128	1255	128	1259
128	1256	128	1251
128	1257	128	1253
128	1258	128	1261
128	1259	128	1256
128	1260	128	1257
128	1261	128	1255
128	1262	128	1252
129	1263	129	1284
129	1264	129	1273
129	1265	129	1272
129	1266	129	1280
129	1267	129	1265
129	1268	129	1266
129	1269	129	1279
129	1270	129	1277
129	1271	129	1282
129	1272	129	1275
129	1273	129	1270
129	1274	129	1263
129	1275	129	1281
129	1276	129	1269
129	1277	129	1264
129	1278	129	1274
129	1279	129	1268
129	1280	129	1283
129	1281	129	1267
129	1282	129	1278
129	1283	129	1276
129	1284	129	1271
130	1285	130	1291
130	1286	130	1286
130	1287	130	1292
130	1288	130	1289
130	1289	130	1288
130	1290	130	1285
130	1291	130	1290
130	1292	130	1287
131	1293	131	1296
131	1294	131	1295
131	1295	131	1303
131	1296	131	1293
131	1297	131	1300
131	1298	131	1302
131	1299	131	1305
131	1300	131	1299
131	1301	131	1294
131	1302	131	1297
131	1303	131	1306
131	1304	131	1298
131	1305	131	1301
131	1306	131	1307
131	1307	131	1304
132	1308	132	1310
132	1309	132	1312
132	1310	132	1309
132	1311	132	1308
132	1312	132	1311
133	1313	133	1329
133	1314	133	1320
133	1315	133	1330
133	1316	133	1322
133	1317	133	1321
133	1318	133	1324
133	1319	133	1328
133	1320	133	1315
133	1321	133	1313
133	1322	133	1325
133	1323	133	1314
133	1324	133	1327
133	1325	133	1326
133	1326	133	1316
133	1327	133	1319
133	1328	133	1331
133	1329	133	1318
133	1330	133	1323
133	1331	133	1317
134	1332	134	1349
134	1333	134	1334
134	1334	134	1343
134	1335	134	1339
134	1336	134	1348
134	1337	134	1338
134	1338	134	1345
134	1339	134	1335
134	1340	134	1350
134	1341	134	1346
134	1342	134	1341
134	1343	134	1347
134	1344	134	1351
134	1345	134	1344
134	1346	134	1337
134	1347	134	1333
134	1348	134	1340
134	1349	134	1336
134	1350	134	1332
134	1351	134	1352
134	1352	134	1342
134	1353	134	1353
135	1354	135	1362
135	1355	135	1365
135	1356	135	1356
135	1357	135	1381
135	1358	135	1358
135	1359	135	1380
135	1360	135	1376
135	1361	135	1371
135	1362	135	1354
135	1363	135	1368
135	1364	135	1363
135	1365	135	1355
135	1366	135	1366
135	1367	135	1361
135	1368	135	1367
135	1369	135	1377
135	1370	135	1373
135	1371	135	1369
135	1372	135	1374
135	1373	135	1372
135	1374	135	1359
135	1375	135	1378
135	1376	135	1379
135	1377	135	1375
135	1378	135	1370
135	1379	135	1360
135	1380	135	1364
135	1381	135	1357
136	1382	136	1385
136	1383	136	1392
136	1384	136	1386
136	1385	136	1384
136	1386	136	1389
136	1387	136	1382
136	1388	136	1387
136	1389	136	1390
136	1390	136	1383
136	1391	136	1388
136	1392	136	1391
137	1393	137	1399
137	1394	137	1401
137	1395	137	1394
137	1396	137	1395
137	1397	137	1396
137	1398	137	1393
137	1399	137	1398
137	1400	137	1400
137	1401	137	1397
138	1402	138	1409
138	1403	138	1408
138	1404	138	1403
138	1405	138	1405
138	1406	138	1406
138	1407	138	1407
138	1408	138	1402
138	1409	138	1404
139	1410	139	1412
139	1411	139	1410
139	1412	139	1411
139	1413	139	1413
140	1414	140	1418
140	1415	140	1416
140	1416	140	1415
140	1417	140	1414
140	1418	140	1417
140	1419	140	1419
141	1420	141	1421
141	1421	141	1422
141	1422	141	1420
142	1423	142	1430
142	1424	142	1432
142	1425	142	1433
142	1426	142	1426
142	1427	142	1427
142	1428	142	1423
142	1429	142	1429
142	1430	142	1431
142	1431	142	1428
142	1432	142	1425
142	1433	142	1424
143	1434	143	1437
143	1435	143	1438
143	1436	143	1434
143	1437	143	1436
143	1438	143	1439
143	1439	143	1435
144	1440	144	1442
144	1441	144	1448
144	1442	144	1444
144	1443	144	1441
144	1444	144	1445
144	1445	144	1446
144	1446	144	1443
144	1447	144	1440
144	1448	144	1447
145	1449	145	1454
145	1450	145	1453
145	1451	145	1452
145	1452	145	1451
145	1453	145	1449
145	1454	145	1450
146	1455	146	1458
146	1456	146	1455
146	1457	146	1456
146	1458	146	1457
147	1459	147	1467
147	1460	147	1463
147	1461	147	1468
147	1462	147	1478
147	1463	147	1473
147	1464	147	1460
147	1465	147	1462
147	1466	147	1466
147	1467	147	1465
147	1468	147	1471
147	1469	147	1474
147	1470	147	1477
147	1471	147	1461
147	1472	147	1469
147	1473	147	1472
147	1474	147	1475
147	1475	147	1470
147	1476	147	1464
147	1477	147	1476
147	1478	147	1459
148	1479	148	1484
148	1480	148	1480
148	1481	148	1483
148	1482	148	1482
148	1483	148	1481
148	1484	148	1479
148	1485	148	1486
148	1486	148	1485
149	1487	149	1502
149	1488	149	1512
149	1489	149	1498
149	1490	149	1501
149	1491	149	1507
149	1492	149	1504
149	1493	149	1490
149	1494	149	1500
149	1495	149	1506
149	1496	149	1494
149	1497	149	1514
149	1498	149	1503
149	1499	149	1509
149	1500	149	1508
149	1501	149	1488
149	1502	149	1493
149	1503	149	1487
149	1504	149	1496
149	1505	149	1511
149	1506	149	1513
149	1507	149	1495
149	1508	149	1491
149	1509	149	1505
149	1510	149	1515
149	1511	149	1516
149	1512	149	1499
149	1513	149	1510
149	1514	149	1497
149	1515	149	1489
149	1516	149	1492
150	1517	150	1518
150	1518	150	1528
150	1519	150	1522
150	1520	150	1524
150	1521	150	1521
150	1522	150	1526
150	1523	150	1527
150	1524	150	1519
150	1525	150	1523
150	1526	150	1517
150	1527	150	1520
150	1528	150	1525
151	1529	151	1531
151	1530	151	1532
151	1531	151	1533
151	1532	151	1536
151	1533	151	1538
151	1534	151	1541
151	1535	151	1534
151	1536	151	1539
151	1537	151	1530
151	1538	151	1535
151	1539	151	1529
151	1540	151	1540
151	1541	151	1537
152	1542	152	1547
152	1543	152	1542
152	1544	152	1548
152	1545	152	1543
152	1546	152	1546
152	1547	152	1545
152	1548	152	1544
153	1549	153	1550
153	1550	153	1549
153	1551	153	1551
153	1552	153	1552
153	1553	153	1554
153	1554	153	1553
154	1555	154	1558
154	1556	154	1556
154	1557	154	1559
154	1558	154	1560
154	1559	154	1555
154	1560	154	1557
155	1561	155	1571
155	1562	155	1574
155	1563	155	1569
155	1564	155	1573
155	1565	155	1565
155	1566	155	1562
155	1567	155	1572
155	1568	155	1561
155	1569	155	1568
155	1570	155	1564
155	1571	155	1575
155	1572	155	1567
155	1573	155	1570
155	1574	155	1566
155	1575	155	1563
156	1576	156	1578
156	1577	156	1577
156	1578	156	1576
157	1579	157	1587
157	1580	157	1580
157	1581	157	1590
157	1582	157	1583
157	1583	157	1591
157	1584	157	1588
157	1585	157	1582
157	1586	157	1585
157	1587	157	1584
157	1588	157	1579
157	1589	157	1581
157	1590	157	1589
157	1591	157	1586
158	1592	158	1605
158	1593	158	1606
158	1594	158	1602
158	1595	158	1603
158	1596	158	1596
158	1597	158	1604
158	1598	158	1594
158	1599	158	1592
158	1600	158	1599
158	1601	158	1595
158	1602	158	1598
158	1603	158	1600
158	1604	158	1593
158	1605	158	1601
158	1606	158	1597
159	1607	159	1616
159	1608	159	1623
159	1609	159	1620
159	1610	159	1631
159	1611	159	1612
159	1612	159	1627
159	1613	159	1622
159	1614	159	1607
159	1615	159	1609
159	1616	159	1628
159	1617	159	1629
159	1618	159	1626
159	1619	159	1608
159	1620	159	1619
159	1621	159	1624
159	1622	159	1613
159	1623	159	1615
159	1624	159	1614
159	1625	159	1618
159	1626	159	1625
159	1627	159	1611
159	1628	159	1610
159	1629	159	1621
159	1630	159	1630
159	1631	159	1617
160	1632	160	1660
160	1633	160	1639
160	1634	160	1657
160	1635	160	1647
160	1636	160	1650
160	1637	160	1653
160	1638	160	1659
160	1639	160	1644
160	1640	160	1651
160	1641	160	1661
160	1642	160	1635
160	1643	160	1656
160	1644	160	1645
160	1645	160	1634
160	1646	160	1638
160	1647	160	1643
160	1648	160	1640
160	1649	160	1637
160	1650	160	1649
160	1651	160	1633
160	1652	160	1642
160	1653	160	1632
160	1654	160	1652
160	1655	160	1655
160	1656	160	1646
160	1657	160	1654
160	1658	160	1658
160	1659	160	1641
160	1660	160	1636
160	1661	160	1648
161	1662	161	1667
161	1663	161	1666
161	1664	161	1663
161	1665	161	1665
161	1666	161	1662
161	1667	161	1664
162	1668	162	1676
162	1669	162	1672
162	1670	162	1674
162	1671	162	1677
162	1672	162	1683
162	1673	162	1668
162	1674	162	1686
162	1675	162	1682
162	1676	162	1670
162	1677	162	1681
162	1678	162	1679
162	1679	162	1684
162	1680	162	1675
162	1681	162	1669
162	1682	162	1673
162	1683	162	1687
162	1684	162	1680
162	1685	162	1688
162	1686	162	1685
162	1687	162	1678
162	1688	162	1689
162	1689	162	1671
165	1692	165	1719
165	1693	165	1706
165	1694	165	1701
165	1695	165	1712
165	1696	165	1694
165	1697	165	1705
165	1698	165	1692
165	1699	165	1709
165	1700	165	1695
165	1701	165	1702
165	1702	165	1714
165	1703	165	1700
165	1704	165	1703
165	1705	165	1697
165	1706	165	1720
165	1707	165	1711
165	1708	165	1715
165	1709	165	1716
165	1710	165	1707
165	1711	165	1710
165	1712	165	1713
165	1713	165	1699
165	1714	165	1708
165	1715	165	1717
165	1716	165	1704
165	1717	165	1696
165	1718	165	1693
165	1719	165	1698
165	1720	165	1718
166	1721	166	1721
166	1722	166	1732
166	1723	166	1733
166	1724	166	1725
166	1725	166	1723
166	1726	166	1722
166	1727	166	1730
166	1728	166	1727
166	1729	166	1731
166	1730	166	1729
166	1731	166	1724
166	1732	166	1726
166	1733	166	1728
167	1734	167	1737
167	1735	167	1736
167	1736	167	1734
167	1737	167	1735
168	1738	168	1743
168	1739	168	1746
168	1740	168	1745
168	1741	168	1741
168	1742	168	1742
168	1743	168	1738
168	1744	168	1747
168	1745	168	1740
168	1746	168	1744
168	1747	168	1739
169	1748	169	1749
169	1749	169	1748
171	1751	171	1757
171	1752	171	1756
171	1753	171	1754
171	1754	171	1755
171	1755	171	1751
171	1756	171	1758
171	1757	171	1752
171	1758	171	1753
172	1759	172	1782
172	1760	172	1776
172	1761	172	1759
172	1762	172	1772
172	1763	172	1761
172	1764	172	1774
172	1765	172	1770
172	1766	172	1764
172	1767	172	1760
172	1768	172	1777
172	1769	172	1778
172	1770	172	1766
172	1771	172	1773
172	1772	172	1768
172	1773	172	1775
172	1774	172	1762
172	1775	172	1763
172	1776	172	1765
172	1777	172	1779
172	1778	172	1767
172	1779	172	1781
172	1780	172	1771
172	1781	172	1780
172	1782	172	1769
173	1783	173	1784
173	1784	173	1783
173	1785	173	1786
173	1786	173	1785
173	1787	173	1787
173	1788	173	1790
173	1789	173	1791
173	1790	173	1788
173	1791	173	1789
174	1792	174	1793
174	1793	174	1792
175	1794	175	1797
175	1795	175	1801
175	1796	175	1794
175	1797	175	1808
175	1798	175	1802
175	1799	175	1796
175	1800	175	1795
175	1801	175	1806
175	1802	175	1807
175	1803	175	1804
175	1804	175	1805
175	1805	175	1800
175	1806	175	1799
175	1807	175	1798
175	1808	175	1803
176	1809	176	1813
176	1810	176	1811
176	1811	176	1814
176	1812	176	1809
176	1813	176	1810
176	1814	176	1812
176	1815	176	1815
177	1816	177	1822
177	1817	177	1820
177	1818	177	1817
177	1819	177	1816
177	1820	177	1819
177	1821	177	1821
177	1822	177	1818
177	1823	177	1823
178	1824	178	1836
178	1825	178	1834
178	1826	178	1826
178	1827	178	1830
178	1828	178	1829
178	1829	178	1833
178	1830	178	1837
178	1831	178	1835
178	1832	178	1827
178	1833	178	1838
178	1834	178	1839
178	1835	178	1825
178	1836	178	1828
178	1837	178	1832
178	1838	178	1831
178	1839	178	1824
179	1840	179	1843
179	1841	179	1848
179	1842	179	1849
179	1843	179	1845
179	1844	179	1847
179	1845	179	1840
179	1846	179	1842
179	1847	179	1846
179	1848	179	1841
179	1849	179	1844
180	1850	180	1853
180	1851	180	1855
180	1852	180	1861
180	1853	180	1866
180	1854	180	1862
180	1855	180	1870
180	1856	180	1865
180	1857	180	1854
180	1858	180	1857
180	1859	180	1869
180	1860	180	1863
180	1861	180	1864
180	1862	180	1860
180	1863	180	1852
180	1864	180	1868
180	1865	180	1867
180	1866	180	1850
180	1867	180	1871
180	1868	180	1859
180	1869	180	1872
180	1870	180	1856
180	1871	180	1851
180	1872	180	1858
181	1873	181	1886
181	1874	181	1883
181	1875	181	1887
181	1876	181	1874
181	1877	181	1877
181	1878	181	1885
181	1879	181	1876
181	1880	181	1882
181	1881	181	1873
181	1882	181	1880
181	1883	181	1888
181	1884	181	1881
181	1885	181	1879
181	1886	181	1878
181	1887	181	1884
181	1888	181	1889
181	1889	181	1875
182	1890	182	1893
182	1891	182	1901
182	1892	182	1900
182	1893	182	1890
182	1894	182	1891
182	1895	182	1902
182	1896	182	1903
182	1897	182	1896
182	1898	182	1895
182	1899	182	1892
182	1900	182	1899
182	1901	182	1897
182	1902	182	1898
182	1903	182	1894
183	1904	183	1909
183	1905	183	1907
183	1906	183	1906
183	1907	183	1904
183	1908	183	1908
183	1909	183	1905
184	1910	184	1936
184	1911	184	1924
184	1912	184	1934
184	1913	184	1932
184	1914	184	1922
184	1915	184	1913
184	1916	184	1921
184	1917	184	1929
184	1918	184	1911
184	1919	184	1918
184	1920	184	1910
184	1921	184	1920
184	1922	184	1927
184	1923	184	1923
184	1924	184	1928
184	1925	184	1939
184	1926	184	1931
184	1927	184	1919
184	1928	184	1926
184	1929	184	1935
184	1930	184	1930
184	1931	184	1912
184	1932	184	1914
184	1933	184	1917
184	1934	184	1915
184	1935	184	1937
184	1936	184	1916
184	1937	184	1925
184	1938	184	1938
184	1939	184	1933
185	1940	185	1957
185	1941	185	1960
185	1942	185	1947
185	1943	185	1944
185	1944	185	1951
185	1945	185	1946
185	1946	185	1955
185	1947	185	1948
185	1948	185	1950
185	1949	185	1941
185	1950	185	1959
185	1951	185	1953
185	1952	185	1943
185	1953	185	1949
185	1954	185	1956
185	1955	185	1952
185	1956	185	1962
185	1957	185	1942
185	1958	185	1945
185	1959	185	1954
185	1960	185	1958
185	1961	185	1940
185	1962	185	1961
186	1963	186	1970
186	1964	186	1971
186	1965	186	1969
186	1966	186	1966
186	1967	186	1968
186	1968	186	1973
186	1969	186	1967
186	1970	186	1964
186	1971	186	1963
186	1972	186	1965
186	1973	186	1972
187	1974	187	1977
187	1975	187	1975
187	1976	187	1974
187	1977	187	1976
188	1978	188	1979
188	1979	188	1978
188	1980	188	1980
189	1981	189	1988
189	1982	189	1985
189	1983	189	1987
189	1984	189	1981
189	1985	189	1982
189	1986	189	1986
189	1987	189	1983
189	1988	189	1984
190	1989	190	2009
190	1990	190	2015
190	1991	190	2002
190	1992	190	2001
190	1993	190	1998
190	1994	190	2013
190	1995	190	2005
190	1996	190	2010
190	1997	190	1994
190	1998	190	2014
190	1999	190	2004
190	2000	190	2011
190	2001	190	2016
190	2002	190	2007
190	2003	190	2008
190	2004	190	2006
190	2005	190	1991
190	2006	190	2012
190	2007	190	1996
190	2008	190	1995
190	2009	190	1989
190	2010	190	1993
190	2011	190	1997
190	2012	190	1992
190	2013	190	1999
190	2014	190	2000
190	2015	190	2003
190	2016	190	1990
191	2017	191	2020
191	2018	191	2022
191	2019	191	2021
191	2020	191	2023
191	2021	191	2017
191	2022	191	2018
191	2023	191	2019
192	2024	192	2037
192	2025	192	2025
192	2026	192	2033
192	2027	192	2028
192	2028	192	2038
192	2029	192	2034
192	2030	192	2035
192	2031	192	2032
192	2032	192	2024
192	2033	192	2031
192	2034	192	2030
192	2035	192	2026
192	2036	192	2027
192	2037	192	2036
192	2038	192	2029
193	2039	193	2043
193	2040	193	2041
193	2041	193	2039
193	2042	193	2040
193	2043	193	2044
193	2044	193	2042
194	2045	194	2057
194	2046	194	2047
194	2047	194	2046
194	2048	194	2053
194	2049	194	2056
194	2050	194	2051
194	2051	194	2054
194	2052	194	2048
194	2053	194	2045
194	2054	194	2049
194	2055	194	2052
194	2056	194	2055
194	2057	194	2050
194	2058	194	2058
195	2059	195	2064
195	2060	195	2063
195	2061	195	2059
195	2062	195	2061
195	2063	195	2060
195	2064	195	2062
195	2065	195	2066
195	2066	195	2065
196	2067	196	2071
196	2068	196	2075
196	2069	196	2073
196	2070	196	2077
196	2071	196	2068
196	2072	196	2074
196	2073	196	2067
196	2074	196	2069
196	2075	196	2076
196	2076	196	2072
196	2077	196	2070
197	2078	197	2090
197	2079	197	2085
197	2080	197	2089
197	2081	197	2079
197	2082	197	2087
197	2083	197	2084
197	2084	197	2088
197	2085	197	2082
197	2086	197	2091
197	2087	197	2081
197	2088	197	2083
197	2089	197	2092
197	2090	197	2086
197	2091	197	2078
197	2092	197	2080
199	2094	199	2105
199	2095	199	2108
199	2096	199	2111
199	2097	199	2098
199	2098	199	2101
199	2099	199	2112
199	2100	199	2102
199	2101	199	2104
199	2102	199	2106
199	2103	199	2099
199	2104	199	2100
199	2105	199	2103
199	2106	199	2096
199	2107	199	2094
199	2108	199	2107
199	2109	199	2097
199	2110	199	2110
199	2111	199	2109
199	2112	199	2095
200	2113	200	2116
200	2114	200	2127
200	2115	200	2123
200	2116	200	2122
200	2117	200	2113
200	2118	200	2124
200	2119	200	2125
200	2120	200	2114
200	2121	200	2121
200	2122	200	2118
200	2123	200	2119
200	2124	200	2115
200	2125	200	2120
200	2126	200	2117
200	2127	200	2126
201	2128	201	2133
201	2129	201	2128
201	2130	201	2130
201	2131	201	2132
201	2132	201	2131
201	2133	201	2134
201	2134	201	2129
201	2135	201	2135
202	2136	202	2136
202	2137	202	2140
202	2138	202	2138
202	2139	202	2139
202	2140	202	2137
203	2141	203	2142
203	2142	203	2141
203	2143	203	2144
203	2144	203	2143
204	2145	204	2147
204	2146	204	2149
204	2147	204	2145
204	2148	204	2148
204	2149	204	2146
205	2150	205	2157
205	2151	205	2152
205	2152	205	2151
205	2153	205	2155
205	2154	205	2150
205	2155	205	2154
205	2156	205	2156
205	2157	205	2153
205	2158	205	2158
206	2159	206	2161
206	2160	206	2163
206	2161	206	2159
206	2162	206	2162
206	2163	206	2160
207	2164	207	2164
207	2165	207	2165
207	2166	207	2166
207	2167	207	2168
207	2168	207	2169
207	2169	207	2167
208	2170	208	2172
208	2171	208	2174
208	2172	208	2171
208	2173	208	2176
208	2174	208	2173
208	2175	208	2177
208	2176	208	2175
208	2177	208	2170
209	2178	209	2191
209	2179	209	2178
209	2180	209	2180
209	2181	209	2187
209	2182	209	2192
209	2183	209	2186
209	2184	209	2181
209	2185	209	2183
209	2186	209	2190
209	2187	209	2185
209	2188	209	2179
209	2189	209	2189
209	2190	209	2188
209	2191	209	2182
209	2192	209	2184
209	2193	209	2193
212	2196	212	2197
212	2197	212	2196
213	2198	213	2201
213	2199	213	2200
213	2200	213	2199
213	2201	213	2198
214	2202	214	2205
214	2203	214	2206
214	2204	214	2202
214	2205	214	2203
214	2206	214	2204
215	2207	215	2211
215	2208	215	2209
215	2209	215	2207
215	2210	215	2208
215	2211	215	2212
215	2212	215	2210
216	2213	216	2223
216	2214	216	2221
216	2215	216	2222
216	2216	216	2215
216	2217	216	2214
216	2218	216	2216
216	2219	216	2225
216	2220	216	2218
216	2221	216	2220
216	2222	216	2213
216	2223	216	2217
216	2224	216	2227
216	2225	216	2226
216	2226	216	2224
216	2227	216	2219
217	2228	217	2229
217	2229	217	2230
217	2230	217	2232
217	2231	217	2235
217	2232	217	2233
217	2233	217	2236
217	2234	217	2228
217	2235	217	2231
217	2236	217	2234
218	2237	218	2238
218	2238	218	2243
218	2239	218	2242
218	2240	218	2240
218	2241	218	2239
218	2242	218	2237
218	2243	218	2244
218	2244	218	2241
219	2245	219	2248
219	2246	219	2246
219	2247	219	2245
219	2248	219	2247
219	2249	219	2249
220	2250	220	2253
220	2251	220	2252
220	2252	220	2251
220	2253	220	2250
221	2254	221	2263
221	2255	221	2256
221	2256	221	2266
221	2257	221	2255
221	2258	221	2260
221	2259	221	2259
221	2260	221	2267
221	2261	221	2254
221	2262	221	2264
221	2263	221	2257
221	2264	221	2258
221	2265	221	2262
221	2266	221	2268
221	2267	221	2265
221	2268	221	2261
221	2269	221	2269
222	2270	222	2274
222	2271	222	2271
222	2272	222	2272
222	2273	222	2276
222	2274	222	2270
222	2275	222	2273
222	2276	222	2275
223	2277	223	2280
223	2278	223	2277
223	2279	223	2281
223	2280	223	2279
223	2281	223	2278
223	2282	223	2282
224	2283	224	2290
224	2284	224	2292
224	2285	224	2284
224	2286	224	2289
224	2287	224	2291
224	2288	224	2285
224	2289	224	2286
224	2290	224	2283
224	2291	224	2288
224	2292	224	2287
225	2293	225	2294
225	2294	225	2296
225	2295	225	2297
225	2296	225	2295
225	2297	225	2293
226	2298	226	2303
226	2299	226	2300
226	2300	226	2301
226	2301	226	2302
226	2302	226	2299
226	2303	226	2304
226	2304	226	2298
228	2306	228	2306
228	2307	228	2312
228	2308	228	2313
228	2309	228	2311
228	2310	228	2308
228	2311	228	2309
228	2312	228	2310
228	2313	228	2307
228	2314	228	2314
229	2315	229	2318
229	2316	229	2315
229	2317	229	2317
229	2318	229	2316
230	2319	230	2320
230	2320	230	2319
231	2321	231	2321
231	2322	231	2332
231	2323	231	2328
231	2324	231	2326
231	2325	231	2330
231	2326	231	2325
231	2327	231	2335
231	2328	231	2324
231	2329	231	2323
231	2330	231	2334
231	2331	231	2329
231	2332	231	2331
231	2333	231	2333
231	2334	231	2322
231	2335	231	2327
232	2336	232	2338
232	2337	232	2337
232	2338	232	2340
232	2339	232	2336
232	2340	232	2339
234	2342	234	2342
234	2343	234	2343
234	2344	234	2344
235	2345	235	2346
235	2346	235	2347
235	2347	235	2348
235	2348	235	2351
235	2349	235	2349
235	2350	235	2350
235	2351	235	2345
236	2352	236	2354
236	2353	236	2352
236	2354	236	2353
236	2355	236	2355
236	2356	236	2356
236	2357	236	2357
237	2358	237	2363
237	2359	237	2358
237	2360	237	2362
237	2361	237	2364
237	2362	237	2360
237	2363	237	2372
237	2364	237	2366
237	2365	237	2370
237	2366	237	2365
237	2367	237	2373
237	2368	237	2361
237	2369	237	2359
237	2370	237	2369
237	2371	237	2368
237	2372	237	2371
237	2373	237	2367
238	2374	238	2382
238	2375	238	2381
238	2376	238	2376
238	2377	238	2375
238	2378	238	2379
238	2379	238	2378
238	2380	238	2386
238	2381	238	2383
238	2382	238	2374
238	2383	238	2377
238	2384	238	2384
238	2385	238	2380
238	2386	238	2385
239	2387	239	2389
239	2388	239	2388
239	2389	239	2387
239	2390	239	2390
240	2391	240	2399
240	2392	240	2392
240	2393	240	2402
240	2394	240	2411
240	2395	240	2404
240	2396	240	2397
240	2397	240	2394
240	2398	240	2395
240	2399	240	2405
240	2400	240	2401
240	2401	240	2410
240	2402	240	2403
240	2403	240	2396
240	2404	240	2412
240	2405	240	2408
240	2406	240	2407
240	2407	240	2391
240	2408	240	2400
240	2409	240	2406
240	2410	240	2409
240	2411	240	2398
240	2412	240	2393
241	2413	241	2427
241	2414	241	2413
241	2415	241	2419
241	2416	241	2414
241	2417	241	2428
241	2418	241	2420
241	2419	241	2430
241	2420	241	2418
241	2421	241	2423
241	2422	241	2415
241	2423	241	2431
241	2424	241	2417
241	2425	241	2425
241	2426	241	2429
241	2427	241	2416
241	2428	241	2424
241	2429	241	2426
241	2430	241	2422
241	2431	241	2421
242	2432	242	2446
242	2433	242	2439
242	2434	242	2441
242	2435	242	2443
242	2436	242	2445
242	2437	242	2434
242	2438	242	2437
242	2439	242	2444
242	2440	242	2433
242	2441	242	2440
242	2442	242	2432
242	2443	242	2438
242	2444	242	2442
242	2445	242	2436
242	2446	242	2435
243	2447	243	2463
243	2448	243	2458
243	2449	243	2454
243	2450	243	2462
243	2451	243	2450
243	2452	243	2447
243	2453	243	2456
243	2454	243	2449
243	2455	243	2457
243	2456	243	2453
243	2457	243	2448
243	2458	243	2461
243	2459	243	2452
243	2460	243	2459
243	2461	243	2460
243	2462	243	2455
243	2463	243	2451
245	2465	245	2471
245	2466	245	2472
245	2467	245	2466
245	2468	245	2475
245	2469	245	2469
245	2470	245	2477
245	2471	245	2474
245	2472	245	2468
245	2473	245	2470
245	2474	245	2473
245	2475	245	2478
245	2476	245	2465
245	2477	245	2467
245	2478	245	2476
246	2479	246	2502
246	2480	246	2493
246	2481	246	2499
246	2482	246	2497
246	2483	246	2501
246	2484	246	2495
246	2485	246	2494
246	2486	246	2480
246	2487	246	2487
246	2488	246	2500
246	2489	246	2503
246	2490	246	2481
246	2491	246	2482
246	2492	246	2490
246	2493	246	2489
246	2494	246	2484
246	2495	246	2491
246	2496	246	2479
246	2497	246	2492
246	2498	246	2498
246	2499	246	2496
246	2500	246	2485
246	2501	246	2488
246	2502	246	2483
246	2503	246	2486
247	2504	247	2508
247	2505	247	2518
247	2506	247	2510
247	2507	247	2511
247	2508	247	2513
247	2509	247	2507
247	2510	247	2517
247	2511	247	2505
247	2512	247	2514
247	2513	247	2520
247	2514	247	2519
247	2515	247	2509
247	2516	247	2522
247	2517	247	2521
247	2518	247	2515
247	2519	247	2504
247	2520	247	2512
247	2521	247	2516
247	2522	247	2506
248	2523	248	2523
248	2524	248	2529
248	2525	248	2534
248	2526	248	2524
248	2527	248	2525
248	2528	248	2533
248	2529	248	2530
248	2530	248	2531
248	2531	248	2528
248	2532	248	2532
248	2533	248	2526
248	2534	248	2527
248	2535	248	2535
249	2536	249	2550
249	2537	249	2537
249	2538	249	2547
249	2539	249	2541
249	2540	249	2542
249	2541	249	2546
249	2542	249	2552
249	2543	249	2548
249	2544	249	2540
249	2545	249	2543
249	2546	249	2538
249	2547	249	2544
249	2548	249	2545
249	2549	249	2549
249	2550	249	2536
249	2551	249	2551
249	2552	249	2539
250	2553	250	2556
250	2554	250	2559
250	2555	250	2557
250	2556	250	2555
250	2557	250	2553
250	2558	250	2561
250	2559	250	2560
250	2560	250	2564
250	2561	250	2562
250	2562	250	2566
250	2563	250	2569
250	2564	250	2563
250	2565	250	2565
250	2566	250	2558
250	2567	250	2554
250	2568	250	2567
250	2569	250	2568
251	2570	251	2573
251	2571	251	2574
251	2572	251	2577
251	2573	251	2576
251	2574	251	2570
251	2575	251	2571
251	2576	251	2572
251	2577	251	2575
252	2578	252	2580
252	2579	252	2583
252	2580	252	2589
252	2581	252	2579
252	2582	252	2588
252	2583	252	2581
252	2584	252	2587
252	2585	252	2586
252	2586	252	2590
252	2587	252	2582
252	2588	252	2584
252	2589	252	2585
252	2590	252	2591
252	2591	252	2578
253	2592	253	2593
253	2593	253	2594
253	2594	253	2592
255	2596	255	2598
255	2597	255	2596
255	2598	255	2597
256	2599	256	2599
256	2600	256	2602
256	2601	256	2600
256	2602	256	2601
257	2603	257	2606
257	2604	257	2604
257	2605	257	2603
257	2606	257	2605
258	2607	258	2608
258	2608	258	2607
259	2609	259	2611
259	2610	259	2612
259	2611	259	2609
259	2612	259	2614
259	2613	259	2610
259	2614	259	2613
260	2615	260	2617
260	2616	260	2616
260	2617	260	2615
260	2618	260	2618
261	2619	261	2620
261	2620	261	2623
261	2621	261	2622
261	2622	261	2619
261	2623	261	2621
262	2624	262	2624
262	2625	262	2630
262	2626	262	2631
262	2627	262	2633
262	2628	262	2629
262	2629	262	2634
262	2630	262	2635
262	2631	262	2632
262	2632	262	2627
262	2633	262	2628
262	2634	262	2625
262	2635	262	2626
262	2636	262	2636
264	2638	264	2638
264	2639	264	2639
265	2640	265	2640
265	2641	265	2645
265	2642	265	2643
265	2643	265	2648
265	2644	265	2642
265	2645	265	2649
265	2646	265	2641
265	2647	265	2647
265	2648	265	2646
265	2649	265	2644
266	2650	266	2659
266	2651	266	2654
266	2652	266	2656
266	2653	266	2655
266	2654	266	2652
266	2655	266	2660
266	2656	266	2662
266	2657	266	2664
266	2658	266	2663
266	2659	266	2651
266	2660	266	2653
266	2661	266	2650
266	2662	266	2661
266	2663	266	2665
266	2664	266	2657
266	2665	266	2658
267	2666	267	2669
267	2667	267	2666
267	2668	267	2668
267	2669	267	2667
268	2670	268	2673
268	2671	268	2671
268	2672	268	2675
268	2673	268	2672
268	2674	268	2674
268	2675	268	2670
269	2676	269	2677
269	2677	269	2680
269	2678	269	2683
269	2679	269	2685
269	2680	269	2681
269	2681	269	2678
269	2682	269	2676
269	2683	269	2682
269	2684	269	2679
269	2685	269	2684
270	2686	270	2687
270	2687	270	2696
270	2688	270	2695
270	2689	270	2688
270	2690	270	2690
270	2691	270	2689
270	2692	270	2686
270	2693	270	2692
270	2694	270	2694
270	2695	270	2691
270	2696	270	2693
271	2697	271	2701
271	2698	271	2699
271	2699	271	2704
271	2700	271	2703
271	2701	271	2711
271	2702	271	2706
271	2703	271	2698
271	2704	271	2710
271	2705	271	2709
271	2706	271	2700
271	2707	271	2707
271	2708	271	2705
271	2709	271	2702
271	2710	271	2697
271	2711	271	2708
272	2712	272	2716
272	2713	272	2714
272	2714	272	2713
272	2715	272	2717
272	2716	272	2712
272	2717	272	2715
273	2718	273	2723
273	2719	273	2726
273	2720	273	2732
273	2721	273	2721
273	2722	273	2724
273	2723	273	2722
273	2724	273	2734
273	2725	273	2719
273	2726	273	2731
273	2727	273	2718
273	2728	273	2720
273	2729	273	2735
273	2730	273	2725
273	2731	273	2730
273	2732	273	2728
273	2733	273	2729
273	2734	273	2733
273	2735	273	2727
274	2736	274	2736
274	2737	274	2740
274	2738	274	2737
274	2739	274	2739
274	2740	274	2738
275	2741	275	2751
275	2742	275	2744
275	2743	275	2750
275	2744	275	2748
275	2745	275	2745
275	2746	275	2746
275	2747	275	2742
275	2748	275	2749
275	2749	275	2747
275	2750	275	2741
275	2751	275	2743
276	2752	276	2759
276	2753	276	2757
276	2754	276	2760
276	2755	276	2752
276	2756	276	2758
276	2757	276	2755
276	2758	276	2756
276	2759	276	2754
276	2760	276	2761
276	2761	276	2753
278	2763	278	2769
278	2764	278	2763
278	2765	278	2764
278	2766	278	2765
278	2767	278	2771
278	2768	278	2768
278	2769	278	2766
278	2770	278	2770
278	2771	278	2767
279	2772	279	2778
279	2773	279	2774
279	2774	279	2777
279	2775	279	2772
279	2776	279	2775
279	2777	279	2776
279	2778	279	2773
280	2779	280	2788
280	2780	280	2781
280	2781	280	2787
280	2782	280	2780
280	2783	280	2786
280	2784	280	2779
280	2785	280	2783
280	2786	280	2785
280	2787	280	2784
280	2788	280	2782
281	2789	281	2791
281	2790	281	2789
281	2791	281	2793
281	2792	281	2790
281	2793	281	2795
281	2794	281	2792
281	2795	281	2794
282	2796	282	2803
282	2797	282	2796
282	2798	282	2812
282	2799	282	2802
282	2800	282	2811
282	2801	282	2798
282	2802	282	2805
282	2803	282	2810
282	2804	282	2801
282	2805	282	2807
282	2806	282	2797
282	2807	282	2804
282	2808	282	2808
282	2809	282	2800
282	2810	282	2809
282	2811	282	2806
282	2812	282	2799
283	2813	283	2816
283	2814	283	2815
283	2815	283	2814
283	2816	283	2813
283	2817	283	2817
284	2818	284	2819
284	2819	284	2818
285	2820	285	2832
285	2821	285	2823
285	2822	285	2836
285	2823	285	2820
285	2824	285	2827
285	2825	285	2828
285	2826	285	2830
285	2827	285	2834
285	2828	285	2831
285	2829	285	2821
285	2830	285	2822
285	2831	285	2833
285	2832	285	2824
285	2833	285	2838
285	2834	285	2829
285	2835	285	2826
285	2836	285	2837
285	2837	285	2825
285	2838	285	2835
286	2839	286	2843
286	2840	286	2845
286	2841	286	2840
286	2842	286	2839
286	2843	286	2844
286	2844	286	2841
286	2845	286	2846
286	2846	286	2842
287	2847	287	2848
287	2848	287	2847
288	2849	288	2857
288	2850	288	2853
288	2851	288	2850
288	2852	288	2852
288	2853	288	2849
288	2854	288	2854
288	2855	288	2855
288	2856	288	2856
288	2857	288	2851
289	2858	289	2864
289	2859	289	2860
289	2860	289	2863
289	2861	289	2858
289	2862	289	2859
289	2863	289	2861
289	2864	289	2862
290	2865	290	2882
290	2866	290	2865
290	2867	290	2866
290	2868	290	2870
290	2869	290	2873
290	2870	290	2885
290	2871	290	2883
290	2872	290	2880
290	2873	290	2874
290	2874	290	2871
290	2875	290	2867
290	2876	290	2877
290	2877	290	2875
290	2878	290	2879
290	2879	290	2884
290	2880	290	2881
290	2881	290	2869
290	2882	290	2876
290	2883	290	2872
290	2884	290	2878
290	2885	290	2868
291	2886	291	2889
291	2887	291	2888
291	2888	291	2886
291	2889	291	2890
291	2890	291	2887
292	2891	292	2897
292	2892	292	2896
292	2893	292	2893
292	2894	292	2895
292	2895	292	2892
292	2896	292	2894
292	2897	292	2891
294	2899	294	2900
294	2900	294	2899
294	2901	294	2901
295	2902	295	2910
295	2903	295	2907
295	2904	295	2909
295	2905	295	2902
295	2906	295	2905
295	2907	295	2908
295	2908	295	2904
295	2909	295	2912
295	2910	295	2906
295	2911	295	2911
295	2912	295	2903
296	2913	296	2919
296	2914	296	2922
296	2915	296	2914
296	2916	296	2913
296	2917	296	2918
296	2918	296	2916
296	2919	296	2921
296	2920	296	2915
296	2921	296	2920
296	2922	296	2917
297	2923	297	2923
297	2924	297	2924
298	2925	298	2932
298	2926	298	2929
298	2927	298	2933
298	2928	298	2931
298	2929	298	2926
298	2930	298	2930
298	2931	298	2934
298	2932	298	2938
298	2933	298	2925
298	2934	298	2927
298	2935	298	2936
298	2936	298	2935
298	2937	298	2937
298	2938	298	2928
300	2940	300	2940
300	2941	300	2946
300	2942	300	2948
300	2943	300	2942
300	2944	300	2941
300	2945	300	2943
300	2946	300	2945
300	2947	300	2944
300	2948	300	2947
301	2949	301	2954
301	2950	301	2955
301	2951	301	2961
301	2952	301	2956
301	2953	301	2950
301	2954	301	2962
301	2955	301	2953
301	2956	301	2952
301	2957	301	2958
301	2958	301	2959
301	2959	301	2951
301	2960	301	2960
301	2961	301	2963
301	2962	301	2957
301	2963	301	2949
302	2964	302	2964
302	2965	302	2967
302	2966	302	2968
302	2967	302	2965
302	2968	302	2966
304	2970	304	2980
304	2971	304	2979
304	2972	304	2984
304	2973	304	2982
304	2974	304	2973
304	2975	304	2983
304	2976	304	2971
304	2977	304	2974
304	2978	304	2970
304	2979	304	2977
304	2980	304	2976
304	2981	304	2972
304	2982	304	2978
304	2983	304	2985
304	2984	304	2987
304	2985	304	2975
304	2986	304	2981
304	2987	304	2986
305	2988	305	3000
305	2989	305	2988
305	2990	305	2997
305	2991	305	2990
305	2992	305	2999
305	2993	305	2993
305	2994	305	2991
305	2995	305	2992
305	2996	305	3001
305	2997	305	3002
305	2998	305	2994
305	2999	305	2996
305	3000	305	2998
305	3001	305	2989
305	3002	305	2995
306	3003	306	3017
306	3004	306	3011
306	3005	306	3009
306	3006	306	3018
306	3007	306	3012
306	3008	306	3003
306	3009	306	3006
306	3010	306	3005
306	3011	306	3008
306	3012	306	3013
306	3013	306	3015
306	3014	306	3016
306	3015	306	3004
306	3016	306	3007
306	3017	306	3014
306	3018	306	3010
307	3019	307	3019
307	3020	307	3020
307	3021	307	3022
307	3022	307	3021
308	3023	308	3026
308	3024	308	3029
308	3025	308	3024
308	3026	308	3025
308	3027	308	3030
308	3028	308	3028
308	3029	308	3023
308	3030	308	3031
308	3031	308	3027
309	3032	309	3036
309	3033	309	3034
309	3034	309	3038
309	3035	309	3032
309	3036	309	3040
309	3037	309	3037
309	3038	309	3033
309	3039	309	3041
309	3040	309	3042
309	3041	309	3039
309	3042	309	3035
310	3043	310	3051
310	3044	310	3045
310	3045	310	3053
310	3046	310	3054
310	3047	310	3050
310	3048	310	3046
310	3049	310	3055
310	3050	310	3056
310	3051	310	3043
310	3052	310	3048
310	3053	310	3044
310	3054	310	3052
310	3055	310	3047
310	3056	310	3049
310	3057	310	3057
311	3058	311	3058
311	3059	311	3062
311	3060	311	3059
311	3061	311	3060
311	3062	311	3061
312	3063	312	3072
312	3064	312	3063
312	3065	312	3066
312	3066	312	3073
312	3067	312	3067
312	3068	312	3071
312	3069	312	3070
312	3070	312	3068
312	3071	312	3074
312	3072	312	3069
312	3073	312	3077
312	3074	312	3064
312	3075	312	3076
312	3076	312	3075
312	3077	312	3065
313	3078	313	3079
313	3079	313	3078
314	3080	314	3104
314	3081	314	3111
314	3082	314	3082
314	3083	314	3113
314	3084	314	3096
314	3085	314	3105
314	3086	314	3097
314	3087	314	3102
314	3088	314	3098
314	3089	314	3106
314	3090	314	3094
314	3091	314	3103
314	3092	314	3100
314	3093	314	3112
314	3094	314	3083
314	3095	314	3109
314	3096	314	3080
314	3097	314	3084
314	3098	314	3087
314	3099	314	3088
314	3100	314	3101
314	3101	314	3107
314	3102	314	3095
314	3103	314	3114
314	3104	314	3093
314	3105	314	3086
314	3106	314	3081
314	3107	314	3089
314	3108	314	3092
314	3109	314	3091
314	3110	314	3110
314	3111	314	3108
314	3112	314	3099
314	3113	314	3085
314	3114	314	3090
315	3115	315	3116
315	3116	315	3117
315	3117	315	3120
315	3118	315	3123
315	3119	315	3119
315	3120	315	3124
315	3121	315	3126
315	3122	315	3115
315	3123	315	3127
315	3124	315	3118
315	3125	315	3121
315	3126	315	3128
315	3127	315	3122
315	3128	315	3125
315	3129	315	3129
316	3130	316	3135
316	3131	316	3134
316	3132	316	3133
316	3133	316	3137
316	3134	316	3130
316	3135	316	3132
316	3136	316	3131
316	3137	316	3136
317	3138	317	3144
317	3139	317	3149
317	3140	317	3141
317	3141	317	3138
317	3142	317	3146
317	3143	317	3143
317	3144	317	3151
317	3145	317	3140
317	3146	317	3139
317	3147	317	3142
317	3148	317	3148
317	3149	317	3147
317	3150	317	3150
317	3151	317	3145
318	3152	318	3152
318	3153	318	3157
318	3154	318	3153
318	3155	318	3154
318	3156	318	3158
318	3157	318	3156
318	3158	318	3155
319	3159	319	3159
319	3160	319	3160
320	3161	320	3162
320	3162	320	3163
320	3163	320	3164
320	3164	320	3161
321	3165	321	3167
321	3166	321	3165
321	3167	321	3170
321	3168	321	3166
321	3169	321	3168
321	3170	321	3169
322	3171	322	3191
322	3172	322	3177
322	3173	322	3189
322	3174	322	3179
322	3175	322	3174
322	3176	322	3180
322	3177	322	3175
322	3178	322	3186
322	3179	322	3172
322	3180	322	3171
322	3181	322	3184
322	3182	322	3181
322	3183	322	3176
322	3184	322	3188
322	3185	322	3173
322	3186	322	3193
322	3187	322	3197
322	3188	322	3182
322	3189	322	3190
322	3190	322	3178
322	3191	322	3185
322	3192	322	3196
322	3193	322	3187
322	3194	322	3183
322	3195	322	3195
322	3196	322	3194
322	3197	322	3192
323	3198	323	3198
323	3199	323	3199
323	3200	323	3208
323	3201	323	3202
323	3202	323	3200
323	3203	323	3204
323	3204	323	3209
323	3205	323	3203
323	3206	323	3205
323	3207	323	3206
323	3208	323	3207
323	3209	323	3210
323	3210	323	3201
323	3211	323	3211
324	3212	324	3219
324	3213	324	3216
324	3214	324	3213
324	3215	324	3217
324	3216	324	3212
324	3217	324	3214
324	3218	324	3215
324	3219	324	3218
326	3221	326	3225
326	3222	326	3229
326	3223	326	3230
326	3224	326	3224
326	3225	326	3221
326	3226	326	3223
326	3227	326	3228
326	3228	326	3226
326	3229	326	3222
326	3230	326	3227
327	3231	327	3232
327	3232	327	3246
327	3233	327	3241
327	3234	327	3234
327	3235	327	3237
327	3236	327	3233
327	3237	327	3240
327	3238	327	3235
327	3239	327	3239
327	3240	327	3236
327	3241	327	3242
327	3242	327	3238
327	3243	327	3243
327	3244	327	3245
327	3245	327	3244
327	3246	327	3231
328	3247	328	3257
328	3248	328	3256
328	3249	328	3254
328	3250	328	3250
328	3251	328	3248
328	3252	328	3251
328	3253	328	3253
328	3254	328	3255
328	3255	328	3249
328	3256	328	3252
328	3257	328	3247
329	3258	329	3262
329	3259	329	3260
329	3260	329	3265
329	3261	329	3263
329	3262	329	3259
329	3263	329	3261
329	3264	329	3264
329	3265	329	3258
330	3266	330	3269
330	3267	330	3266
330	3268	330	3267
330	3269	330	3268
332	3271	332	3283
332	3272	332	3279
332	3273	332	3281
332	3274	332	3271
332	3275	332	3282
332	3276	332	3277
332	3277	332	3273
332	3278	332	3272
332	3279	332	3274
332	3280	332	3280
332	3281	332	3276
332	3282	332	3275
332	3283	332	3278
332	3284	332	3284
333	3285	333	3300
333	3286	333	3288
333	3287	333	3303
333	3288	333	3302
333	3289	333	3299
333	3290	333	3298
333	3291	333	3289
333	3292	333	3294
333	3293	333	3304
333	3294	333	3296
333	3295	333	3292
333	3296	333	3293
333	3297	333	3297
333	3298	333	3301
333	3299	333	3290
333	3300	333	3291
333	3301	333	3286
333	3302	333	3295
333	3303	333	3287
333	3304	333	3305
333	3305	333	3285
334	3306	334	3307
334	3307	334	3309
334	3308	334	3310
334	3309	334	3306
334	3310	334	3308
334	3311	334	3311
335	3312	335	3326
335	3313	335	3315
335	3314	335	3319
335	3315	335	3321
335	3316	335	3327
335	3317	335	3312
335	3318	335	3320
335	3319	335	3316
335	3320	335	3314
335	3321	335	3323
335	3322	335	3322
335	3323	335	3324
335	3324	335	3325
335	3325	335	3317
335	3326	335	3313
335	3327	335	3318
336	3328	336	3331
336	3329	336	3332
336	3330	336	3333
336	3331	336	3330
336	3332	336	3328
336	3333	336	3329
339	3336	339	3351
339	3337	339	3353
339	3338	339	3357
339	3339	339	3362
339	3340	339	3339
339	3341	339	3343
339	3342	339	3337
339	3343	339	3341
339	3344	339	3361
339	3345	339	3340
339	3346	339	3349
339	3347	339	3344
339	3348	339	3336
339	3349	339	3352
339	3350	339	3348
339	3351	339	3356
339	3352	339	3354
339	3353	339	3363
339	3354	339	3345
339	3355	339	3346
339	3356	339	3355
339	3357	339	3347
339	3358	339	3359
339	3359	339	3350
339	3360	339	3342
339	3361	339	3338
339	3362	339	3358
339	3363	339	3360
340	3364	340	3368
340	3365	340	3364
340	3366	340	3366
340	3367	340	3367
340	3368	340	3369
340	3369	340	3365
341	3370	341	3390
341	3371	341	3389
341	3372	341	3388
341	3373	341	3383
341	3374	341	3376
341	3375	341	3386
341	3376	341	3373
341	3377	341	3378
341	3378	341	3371
341	3379	341	3380
341	3380	341	3384
341	3381	341	3381
341	3382	341	3379
341	3383	341	3370
341	3384	341	3372
341	3385	341	3385
341	3386	341	3377
341	3387	341	3387
341	3388	341	3375
341	3389	341	3374
341	3390	341	3382
342	3391	342	3391
342	3392	342	3404
342	3393	342	3393
342	3394	342	3396
342	3395	342	3403
342	3396	342	3394
342	3397	342	3399
342	3398	342	3405
342	3399	342	3398
342	3400	342	3392
342	3401	342	3397
342	3402	342	3400
342	3403	342	3395
342	3404	342	3402
342	3405	342	3401
343	3406	343	3408
343	3407	343	3406
343	3408	343	3411
343	3409	343	3407
343	3410	343	3410
343	3411	343	3409
343	3412	343	3412
345	3414	345	3426
345	3415	345	3424
345	3416	345	3416
345	3417	345	3420
345	3418	345	3421
345	3419	345	3415
345	3420	345	3418
345	3421	345	3427
345	3422	345	3419
345	3423	345	3417
345	3424	345	3422
345	3425	345	3414
345	3426	345	3423
345	3427	345	3425
347	3429	347	3432
347	3430	347	3429
347	3431	347	3430
347	3432	347	3431
348	3433	348	3444
348	3434	348	3434
348	3435	348	3445
348	3436	348	3436
348	3437	348	3440
348	3438	348	3446
348	3439	348	3437
348	3440	348	3433
348	3441	348	3443
348	3442	348	3439
348	3443	348	3438
348	3444	348	3441
348	3445	348	3442
348	3446	348	3435
349	3447	349	3458
349	3448	349	3453
349	3449	349	3454
349	3450	349	3457
349	3451	349	3447
349	3452	349	3449
349	3453	349	3451
349	3454	349	3448
349	3455	349	3456
349	3456	349	3450
349	3457	349	3455
349	3458	349	3452
350	3459	350	3468
350	3460	350	3465
350	3461	350	3464
350	3462	350	3466
350	3463	350	3471
350	3464	350	3472
350	3465	350	3461
350	3466	350	3475
350	3467	350	3473
350	3468	350	3462
350	3469	350	3469
350	3470	350	3476
350	3471	350	3474
350	3472	350	3478
350	3473	350	3460
350	3474	350	3463
350	3475	350	3470
350	3476	350	3459
350	3477	350	3467
350	3478	350	3477
351	3479	351	3482
351	3480	351	3481
351	3481	351	3480
351	3482	351	3479
351	3483	351	3483
352	3484	352	3489
352	3485	352	3492
352	3486	352	3498
352	3487	352	3493
352	3488	352	3485
352	3489	352	3495
352	3490	352	3486
352	3491	352	3484
352	3492	352	3488
352	3493	352	3487
352	3494	352	3496
352	3495	352	3491
352	3496	352	3494
352	3497	352	3490
352	3498	352	3497
353	3499	353	3500
353	3500	353	3501
353	3501	353	3502
353	3502	353	3503
353	3503	353	3499
354	3504	354	3505
354	3505	354	3506
354	3506	354	3507
354	3507	354	3504
355	3508	355	3510
355	3509	355	3509
355	3510	355	3512
355	3511	355	3513
355	3512	355	3511
355	3513	355	3508
356	3514	356	3521
356	3515	356	3525
356	3516	356	3524
356	3517	356	3515
356	3518	356	3520
356	3519	356	3517
356	3520	356	3516
356	3521	356	3518
356	3522	356	3523
356	3523	356	3522
356	3524	356	3519
356	3525	356	3514
357	3526	357	3533
357	3527	357	3531
357	3528	357	3530
357	3529	357	3532
357	3530	357	3529
357	3531	357	3528
357	3532	357	3526
357	3533	357	3527
357	3534	357	3534
358	3535	358	3536
358	3536	358	3535
359	3537	359	3538
359	3538	359	3548
359	3539	359	3549
359	3540	359	3542
359	3541	359	3540
359	3542	359	3550
359	3543	359	3541
359	3544	359	3546
359	3545	359	3543
359	3546	359	3544
359	3547	359	3547
359	3548	359	3545
359	3549	359	3551
359	3550	359	3537
359	3551	359	3539
360	3552	360	3560
360	3553	360	3552
360	3554	360	3553
360	3555	360	3554
360	3556	360	3556
360	3557	360	3559
360	3558	360	3558
360	3559	360	3557
360	3560	360	3555
361	3561	361	3563
361	3562	361	3564
361	3563	361	3565
361	3564	361	3562
361	3565	361	3561
362	3566	362	3566
362	3567	362	3568
362	3568	362	3567
363	3569	363	3570
363	3570	363	3573
363	3571	363	3574
363	3572	363	3571
363	3573	363	3572
363	3574	363	3569
364	3575	364	3584
364	3576	364	3577
364	3577	364	3585
364	3578	364	3578
364	3579	364	3576
364	3580	364	3582
364	3581	364	3583
364	3582	364	3586
364	3583	364	3580
364	3584	364	3575
364	3585	364	3579
364	3586	364	3581
365	3587	365	3591
365	3588	365	3592
365	3589	365	3589
365	3590	365	3594
365	3591	365	3595
365	3592	365	3600
365	3593	365	3599
365	3594	365	3597
365	3595	365	3590
365	3596	365	3593
365	3597	365	3596
365	3598	365	3598
365	3599	365	3588
365	3600	365	3587
366	3601	366	3601
366	3602	366	3602
367	3603	367	3606
367	3604	367	3603
367	3605	367	3604
367	3606	367	3607
367	3607	367	3605
367	3608	367	3609
367	3609	367	3608
368	3610	368	3622
368	3611	368	3612
368	3612	368	3611
368	3613	368	3613
368	3614	368	3623
368	3615	368	3618
368	3616	368	3614
368	3617	368	3616
368	3618	368	3619
368	3619	368	3617
368	3620	368	3620
368	3621	368	3610
368	3622	368	3615
368	3623	368	3621
369	3624	369	3628
369	3625	369	3630
369	3626	369	3637
369	3627	369	3624
369	3628	369	3635
369	3629	369	3632
369	3630	369	3631
369	3631	369	3633
369	3632	369	3636
369	3633	369	3634
369	3634	369	3629
369	3635	369	3627
369	3636	369	3625
369	3637	369	3626
370	3638	370	3642
370	3639	370	3643
370	3640	370	3651
370	3641	370	3638
370	3642	370	3650
370	3643	370	3640
370	3644	370	3648
370	3645	370	3641
370	3646	370	3662
370	3647	370	3665
370	3648	370	3658
370	3649	370	3666
370	3650	370	3660
370	3651	370	3657
370	3652	370	3639
370	3653	370	3646
370	3654	370	3664
370	3655	370	3645
370	3656	370	3652
370	3657	370	3661
370	3658	370	3656
370	3659	370	3654
370	3660	370	3644
370	3661	370	3647
370	3662	370	3659
370	3663	370	3663
370	3664	370	3649
370	3665	370	3653
370	3666	370	3655
371	3667	371	3671
371	3668	371	3667
371	3669	371	3668
371	3670	371	3670
371	3671	371	3669
372	3672	372	3672
372	3673	372	3681
372	3674	372	3674
372	3675	372	3676
372	3676	372	3675
372	3677	372	3694
372	3678	372	3684
372	3679	372	3697
372	3680	372	3688
372	3681	372	3695
372	3682	372	3701
372	3683	372	3703
372	3684	372	3685
372	3685	372	3682
372	3686	372	3702
372	3687	372	3699
372	3688	372	3673
372	3689	372	3679
372	3690	372	3683
372	3691	372	3696
372	3692	372	3689
372	3693	372	3687
372	3694	372	3680
372	3695	372	3692
372	3696	372	3700
372	3697	372	3691
372	3698	372	3690
372	3699	372	3693
372	3700	372	3678
372	3701	372	3686
372	3702	372	3698
372	3703	372	3677
373	3704	373	3708
373	3705	373	3722
373	3706	373	3710
373	3707	373	3716
373	3708	373	3724
373	3709	373	3712
373	3710	373	3714
373	3711	373	3709
373	3712	373	3723
373	3713	373	3711
373	3714	373	3713
373	3715	373	3718
373	3716	373	3706
373	3717	373	3720
373	3718	373	3721
373	3719	373	3715
373	3720	373	3707
373	3721	373	3719
373	3722	373	3704
373	3723	373	3717
373	3724	373	3705
374	3725	374	3728
374	3726	374	3727
374	3727	374	3726
374	3728	374	3729
374	3729	374	3730
374	3730	374	3725
375	3731	375	3733
375	3732	375	3736
375	3733	375	3737
375	3734	375	3738
375	3735	375	3743
375	3736	375	3734
375	3737	375	3740
375	3738	375	3731
375	3739	375	3742
375	3740	375	3735
375	3741	375	3739
375	3742	375	3741
375	3743	375	3732
376	3744	376	3748
376	3745	376	3747
376	3746	376	3745
376	3747	376	3744
376	3748	376	3746
377	3749	377	3751
377	3750	377	3753
377	3751	377	3752
377	3752	377	3749
377	3753	377	3750
378	3754	378	3761
378	3755	378	3756
378	3756	378	3754
378	3757	378	3757
378	3758	378	3759
378	3759	378	3760
378	3760	378	3755
378	3761	378	3758
379	3762	379	3763
379	3763	379	3764
379	3764	379	3762
380	3765	380	3766
380	3766	380	3768
380	3767	380	3770
380	3768	380	3769
380	3769	380	3765
380	3770	380	3767
381	3771	381	3771
381	3772	381	3775
381	3773	381	3772
381	3774	381	3777
381	3775	381	3776
381	3776	381	3773
381	3777	381	3774
382	3778	382	3780
382	3779	382	3779
382	3780	382	3778
382	3781	382	3781
383	3782	383	3786
383	3783	383	3783
383	3784	383	3788
383	3785	383	3787
383	3786	383	3785
383	3787	383	3789
383	3788	383	3790
383	3789	383	3784
383	3790	383	3782
384	3791	384	3792
384	3792	384	3791
384	3793	384	3794
384	3794	384	3793
384	3795	384	3796
384	3796	384	3797
384	3797	384	3795
385	3798	385	3799
385	3799	385	3798
386	3800	386	3823
386	3801	386	3816
386	3802	386	3825
386	3803	386	3815
386	3804	386	3804
386	3805	386	3812
386	3806	386	3801
386	3807	386	3820
386	3808	386	3802
386	3809	386	3814
386	3810	386	3813
386	3811	386	3806
386	3812	386	3809
386	3813	386	3811
386	3814	386	3821
386	3815	386	3810
386	3816	386	3805
386	3817	386	3824
386	3818	386	3818
386	3819	386	3800
386	3820	386	3803
386	3821	386	3817
386	3822	386	3808
386	3823	386	3826
386	3824	386	3819
386	3825	386	3807
386	3826	386	3822
387	3827	387	3827
387	3828	387	3828
387	3829	387	3829
387	3830	387	3830
388	3831	388	3838
388	3832	388	3854
388	3833	388	3831
388	3834	388	3848
388	3835	388	3855
388	3836	388	3857
388	3837	388	3834
388	3838	388	3850
388	3839	388	3858
388	3840	388	3839
388	3841	388	3836
388	3842	388	3849
388	3843	388	3852
388	3844	388	3853
388	3845	388	3844
388	3846	388	3832
388	3847	388	3846
388	3848	388	3851
388	3849	388	3859
388	3850	388	3840
388	3851	388	3845
388	3852	388	3843
388	3853	388	3837
388	3854	388	3842
388	3855	388	3847
388	3856	388	3860
388	3857	388	3833
388	3858	388	3841
388	3859	388	3856
388	3860	388	3835
390	3862	390	3874
390	3863	390	3866
390	3864	390	3865
390	3865	390	3870
390	3866	390	3869
390	3867	390	3875
390	3868	390	3871
390	3869	390	3872
390	3870	390	3868
390	3871	390	3867
390	3872	390	3864
390	3873	390	3863
390	3874	390	3862
390	3875	390	3873
392	3877	392	3879
392	3878	392	3877
392	3879	392	3881
392	3880	392	3878
392	3881	392	3883
392	3882	392	3880
392	3883	392	3884
392	3884	392	3882
393	3885	393	3886
393	3886	393	3887
393	3887	393	3885
393	3888	393	3889
393	3889	393	3888
393	3890	393	3890
394	3891	394	3896
394	3892	394	3897
394	3893	394	3898
394	3894	394	3894
394	3895	394	3895
394	3896	394	3892
394	3897	394	3891
394	3898	394	3893
395	3899	395	3906
395	3900	395	3901
395	3901	395	3904
395	3902	395	3903
395	3903	395	3899
395	3904	395	3900
395	3905	395	3905
395	3906	395	3902
396	3907	396	3908
396	3908	396	3910
396	3909	396	3907
396	3910	396	3909
398	3912	398	3918
398	3913	398	3912
398	3914	398	3917
398	3915	398	3914
398	3916	398	3921
398	3917	398	3915
398	3918	398	3924
398	3919	398	3919
398	3920	398	3916
398	3921	398	3922
398	3922	398	3920
398	3923	398	3923
398	3924	398	3913
399	3925	399	3926
399	3926	399	3932
399	3927	399	3928
399	3928	399	3930
399	3929	399	3931
399	3930	399	3929
399	3931	399	3925
399	3932	399	3927
400	3933	400	3940
400	3934	400	3944
400	3935	400	3942
400	3936	400	3933
400	3937	400	3937
400	3938	400	3941
400	3939	400	3936
400	3940	400	3939
400	3941	400	3935
400	3942	400	3934
400	3943	400	3943
400	3944	400	3938
401	3945	401	3945
401	3946	401	3946
403	3948	403	3949
403	3949	403	3948
404	3950	404	3956
404	3951	404	3970
404	3952	404	3955
404	3953	404	3960
404	3954	404	3958
404	3955	404	3969
404	3956	404	3950
404	3957	404	3951
404	3958	404	3964
404	3959	404	3961
404	3960	404	3953
404	3961	404	3971
404	3962	404	3965
404	3963	404	3962
404	3964	404	3967
404	3965	404	3952
404	3966	404	3963
404	3967	404	3954
404	3968	404	3959
404	3969	404	3957
404	3970	404	3968
404	3971	404	3966
405	3972	405	3976
405	3973	405	3975
405	3974	405	3977
405	3975	405	3972
405	3976	405	3973
405	3977	405	3974
407	3979	407	3979
407	3980	407	3983
407	3981	407	3987
407	3982	407	3984
407	3983	407	3981
407	3984	407	3980
407	3985	407	3988
407	3986	407	3982
407	3987	407	3985
407	3988	407	3986
408	3989	408	3999
408	3990	408	4002
408	3991	408	3993
408	3992	408	3997
408	3993	408	3990
408	3994	408	3991
408	3995	408	4001
408	3996	408	4000
408	3997	408	3998
408	3998	408	3992
408	3999	408	3996
408	4000	408	3989
408	4001	408	3994
408	4002	408	3995
409	4003	409	4016
409	4004	409	4010
409	4005	409	4014
409	4006	409	4023
409	4007	409	4027
409	4008	409	4009
409	4009	409	4020
409	4010	409	4031
409	4011	409	4006
409	4012	409	4024
409	4013	409	4004
409	4014	409	4030
409	4015	409	4018
409	4016	409	4013
409	4017	409	4005
409	4018	409	4021
409	4019	409	4007
409	4020	409	4022
409	4021	409	4015
409	4022	409	4028
409	4023	409	4012
409	4024	409	4029
409	4025	409	4025
409	4026	409	4003
409	4027	409	4019
409	4028	409	4008
409	4029	409	4011
409	4030	409	4017
409	4031	409	4026
410	4032	410	4036
410	4033	410	4035
410	4034	410	4032
410	4035	410	4033
410	4036	410	4034
411	4037	411	4049
411	4038	411	4045
411	4039	411	4044
411	4040	411	4040
411	4041	411	4043
411	4042	411	4047
411	4043	411	4038
411	4044	411	4042
411	4045	411	4041
411	4046	411	4048
411	4047	411	4037
411	4048	411	4046
411	4049	411	4039
412	4050	412	4061
412	4051	412	4077
412	4052	412	4068
412	4053	412	4062
412	4054	412	4063
412	4055	412	4084
412	4056	412	4053
412	4057	412	4058
412	4058	412	4081
412	4059	412	4066
412	4060	412	4071
412	4061	412	4055
412	4062	412	4078
412	4063	412	4073
412	4064	412	4054
412	4065	412	4056
412	4066	412	4059
412	4067	412	4072
412	4068	412	4060
412	4069	412	4064
412	4070	412	4079
412	4071	412	4074
412	4072	412	4082
412	4073	412	4076
412	4074	412	4070
412	4075	412	4080
412	4076	412	4069
412	4077	412	4065
412	4078	412	4083
412	4079	412	4067
412	4080	412	4051
412	4081	412	4057
412	4082	412	4075
412	4083	412	4052
412	4084	412	4050
413	4085	413	4087
413	4086	413	4090
413	4087	413	4086
413	4088	413	4085
413	4089	413	4088
413	4090	413	4089
414	4091	414	4109
414	4092	414	4093
414	4093	414	4098
414	4094	414	4091
414	4095	414	4096
414	4096	414	4107
414	4097	414	4095
414	4098	414	4104
414	4099	414	4103
414	4100	414	4100
414	4101	414	4101
414	4102	414	4108
414	4103	414	4102
414	4104	414	4092
414	4105	414	4094
414	4106	414	4097
414	4107	414	4106
414	4108	414	4105
414	4109	414	4099
415	4110	415	4116
415	4111	415	4113
415	4112	415	4115
415	4113	415	4110
415	4114	415	4111
415	4115	415	4114
415	4116	415	4112
415	4117	415	4117
417	4119	417	4119
417	4120	417	4121
417	4121	417	4122
417	4122	417	4120
417	4123	417	4123
418	4124	418	4150
418	4125	418	4136
418	4126	418	4131
418	4127	418	4144
418	4128	418	4126
418	4129	418	4130
418	4130	418	4138
418	4131	418	4132
418	4132	418	4134
418	4133	418	4141
418	4134	418	4139
418	4135	418	4148
418	4136	418	4140
418	4137	418	4125
418	4138	418	4147
418	4139	418	4142
418	4140	418	4127
418	4141	418	4135
418	4142	418	4137
418	4143	418	4152
418	4144	418	4128
418	4145	418	4133
418	4146	418	4151
418	4147	418	4145
418	4148	418	4149
418	4149	418	4124
418	4150	418	4129
418	4151	418	4143
418	4152	418	4146
419	4153	419	4157
419	4154	419	4153
419	4155	419	4155
419	4156	419	4156
419	4157	419	4158
419	4158	419	4159
419	4159	419	4154
420	4160	420	4160
420	4161	420	4161
420	4162	420	4164
420	4163	420	4162
420	4164	420	4163
421	4165	421	4173
421	4166	421	4168
421	4167	421	4167
421	4168	421	4177
421	4169	421	4171
421	4170	421	4169
421	4171	421	4174
421	4172	421	4165
421	4173	421	4172
421	4174	421	4170
421	4175	421	4166
421	4176	421	4175
421	4177	421	4176
422	4178	422	4181
422	4179	422	4180
422	4180	422	4183
422	4181	422	4185
422	4182	422	4178
422	4183	422	4184
422	4184	422	4186
422	4185	422	4179
422	4186	422	4182
422	4187	422	4187
423	4188	423	4192
423	4189	423	4191
423	4190	423	4189
423	4191	423	4193
423	4192	423	4188
423	4193	423	4190
424	4194	424	4199
424	4195	424	4195
424	4196	424	4202
424	4197	424	4194
424	4198	424	4204
424	4199	424	4207
424	4200	424	4197
424	4201	424	4203
424	4202	424	4208
424	4203	424	4206
424	4204	424	4200
424	4205	424	4196
424	4206	424	4201
424	4207	424	4205
424	4208	424	4198
425	4209	425	4211
425	4210	425	4210
425	4211	425	4212
425	4212	425	4213
425	4213	425	4209
425	4214	425	4214
426	4215	426	4228
426	4216	426	4226
426	4217	426	4218
426	4218	426	4230
426	4219	426	4219
426	4220	426	4224
426	4221	426	4221
426	4222	426	4223
426	4223	426	4222
426	4224	426	4229
426	4225	426	4215
426	4226	426	4233
426	4227	426	4225
426	4228	426	4231
426	4229	426	4216
426	4230	426	4232
426	4231	426	4235
426	4232	426	4220
426	4233	426	4227
426	4234	426	4234
426	4235	426	4217
427	4236	427	4242
427	4237	427	4241
427	4238	427	4237
427	4239	427	4254
427	4240	427	4249
427	4241	427	4255
427	4242	427	4248
427	4243	427	4239
427	4244	427	4252
427	4245	427	4251
427	4246	427	4246
427	4247	427	4250
427	4248	427	4253
427	4249	427	4245
427	4250	427	4238
427	4251	427	4243
427	4252	427	4247
427	4253	427	4244
427	4254	427	4240
427	4255	427	4236
428	4256	428	4272
428	4257	428	4279
428	4258	428	4275
428	4259	428	4281
428	4260	428	4273
428	4261	428	4265
428	4262	428	4256
428	4263	428	4263
428	4264	428	4264
428	4265	428	4270
428	4266	428	4280
428	4267	428	4283
428	4268	428	4268
428	4269	428	4282
428	4270	428	4260
428	4271	428	4258
428	4272	428	4274
428	4273	428	4271
428	4274	428	4266
428	4275	428	4269
428	4276	428	4262
428	4277	428	4267
428	4278	428	4284
428	4279	428	4278
428	4280	428	4261
428	4281	428	4257
428	4282	428	4277
428	4283	428	4276
428	4284	428	4259
429	4285	429	4297
429	4286	429	4301
429	4287	429	4296
429	4288	429	4285
429	4289	429	4286
429	4290	429	4300
429	4291	429	4302
429	4292	429	4287
429	4293	429	4292
429	4294	429	4290
429	4295	429	4293
429	4296	429	4298
429	4297	429	4291
429	4298	429	4289
429	4299	429	4288
429	4300	429	4299
429	4301	429	4294
429	4302	429	4295
430	4303	430	4305
430	4304	430	4303
430	4305	430	4304
430	4306	430	4306
432	4308	432	4311
432	4309	432	4308
432	4310	432	4309
432	4311	432	4310
433	4312	433	4318
433	4313	433	4313
433	4314	433	4319
433	4315	433	4312
433	4316	433	4315
433	4317	433	4314
433	4318	433	4316
433	4319	433	4317
434	4320	434	4322
434	4321	434	4323
434	4322	434	4320
434	4323	434	4321
435	4324	435	4338
435	4325	435	4327
435	4326	435	4339
435	4327	435	4333
435	4328	435	4337
435	4329	435	4335
435	4330	435	4332
435	4331	435	4328
435	4332	435	4334
435	4333	435	4336
435	4334	435	4330
435	4335	435	4325
435	4336	435	4331
435	4337	435	4326
435	4338	435	4324
435	4339	435	4329
436	4340	436	4343
436	4341	436	4340
436	4342	436	4341
436	4343	436	4342
437	4344	437	4350
437	4345	437	4345
437	4346	437	4344
437	4347	437	4348
437	4348	437	4347
437	4349	437	4351
437	4350	437	4346
437	4351	437	4349
438	4352	438	4363
438	4353	438	4374
438	4354	438	4360
438	4355	438	4361
438	4356	438	4364
438	4357	438	4362
438	4358	438	4359
438	4359	438	4371
438	4360	438	4367
438	4361	438	4356
438	4362	438	4366
438	4363	438	4379
438	4364	438	4375
438	4365	438	4381
438	4366	438	4369
438	4367	438	4372
438	4368	438	4377
438	4369	438	4370
438	4370	438	4357
438	4371	438	4378
438	4372	438	4355
438	4373	438	4358
438	4374	438	4373
438	4375	438	4376
438	4376	438	4380
438	4377	438	4352
438	4378	438	4368
438	4379	438	4365
438	4380	438	4354
438	4381	438	4353
439	4382	439	4382
439	4383	439	4383
440	4384	440	4385
440	4385	440	4384
440	4386	440	4386
440	4387	440	4387
441	4388	441	4404
441	4389	441	4395
441	4390	441	4390
441	4391	441	4399
441	4392	441	4403
441	4393	441	4401
441	4394	441	4393
441	4395	441	4397
441	4396	441	4391
441	4397	441	4389
441	4398	441	4400
441	4399	441	4402
441	4400	441	4394
441	4401	441	4396
441	4402	441	4398
441	4403	441	4392
441	4404	441	4388
442	4405	442	4405
442	4406	442	4406
442	4407	442	4407
443	4408	443	4408
443	4409	443	4411
443	4410	443	4412
443	4411	443	4414
443	4412	443	4409
443	4413	443	4413
443	4414	443	4410
444	4415	444	4421
444	4416	444	4427
444	4417	444	4416
444	4418	444	4422
444	4419	444	4431
444	4420	444	4424
444	4421	444	4426
444	4422	444	4428
444	4423	444	4430
444	4424	444	4419
444	4425	444	4418
444	4426	444	4415
444	4427	444	4429
444	4428	444	4425
444	4429	444	4417
444	4430	444	4420
444	4431	444	4423
445	4432	445	4432
445	4433	445	4433
446	4434	446	4441
446	4435	446	4440
446	4436	446	4439
446	4437	446	4445
446	4438	446	4444
446	4439	446	4443
446	4440	446	4438
446	4441	446	4434
446	4442	446	4446
446	4443	446	4435
446	4444	446	4436
446	4445	446	4437
446	4446	446	4442
446	4447	446	4449
446	4448	446	4448
446	4449	446	4447
447	4450	447	4452
447	4451	447	4453
447	4452	447	4451
447	4453	447	4450
448	4454	448	4454
448	4455	448	4456
448	4456	448	4460
448	4457	448	4455
448	4458	448	4459
448	4459	448	4457
448	4460	448	4458
449	4461	449	4466
449	4462	449	4467
449	4463	449	4464
449	4464	449	4468
449	4465	449	4472
449	4466	449	4473
449	4467	449	4470
449	4468	449	4461
449	4469	449	4462
449	4470	449	4463
449	4471	449	4471
449	4472	449	4465
449	4473	449	4469
450	4474	450	4476
450	4475	450	4474
450	4476	450	4475
450	4477	450	4479
450	4478	450	4477
450	4479	450	4478
451	4480	451	4484
451	4481	451	4481
451	4482	451	4480
451	4483	451	4483
451	4484	451	4486
451	4485	451	4485
451	4486	451	4487
451	4487	451	4482
452	4488	452	4489
452	4489	452	4492
452	4490	452	4491
452	4491	452	4493
452	4492	452	4490
452	4493	452	4488
452	4494	452	4495
452	4495	452	4494
453	4496	453	4499
453	4497	453	4500
453	4498	453	4496
453	4499	453	4498
453	4500	453	4497
454	4501	454	4504
454	4502	454	4503
454	4503	454	4501
454	4504	454	4502
455	4505	455	4511
455	4506	455	4506
455	4507	455	4509
455	4508	455	4510
455	4509	455	4507
455	4510	455	4508
455	4511	455	4512
455	4512	455	4505
456	4513	456	4514
456	4514	456	4518
456	4515	456	4524
456	4516	456	4521
456	4517	456	4523
456	4518	456	4522
456	4519	456	4525
456	4520	456	4520
456	4521	456	4513
456	4522	456	4515
456	4523	456	4516
456	4524	456	4519
456	4525	456	4517
457	4526	457	4532
457	4527	457	4528
457	4528	457	4530
457	4529	457	4526
457	4530	457	4529
457	4531	457	4531
457	4532	457	4527
458	4533	458	4537
458	4534	458	4542
458	4535	458	4540
458	4536	458	4538
458	4537	458	4535
458	4538	458	4543
458	4539	458	4534
458	4540	458	4539
458	4541	458	4536
458	4542	458	4546
458	4543	458	4547
458	4544	458	4541
458	4545	458	4533
458	4546	458	4544
458	4547	458	4545
459	4548	459	4549
459	4549	459	4548
460	4550	460	4557
460	4551	460	4556
460	4552	460	4555
460	4553	460	4560
460	4554	460	4559
460	4555	460	4550
460	4556	460	4554
460	4557	460	4551
460	4558	460	4553
460	4559	460	4558
460	4560	460	4552
461	4561	461	4562
461	4562	461	4561
462	4563	462	4566
462	4564	462	4567
462	4565	462	4565
462	4566	462	4563
462	4567	462	4564
462	4568	462	4568
463	4569	463	4569
463	4570	463	4570
463	4571	463	4574
463	4572	463	4573
463	4573	463	4572
463	4574	463	4571
464	4575	464	4579
464	4576	464	4584
464	4577	464	4586
464	4578	464	4578
464	4579	464	4585
464	4580	464	4583
464	4581	464	4575
464	4582	464	4581
464	4583	464	4580
464	4584	464	4582
464	4585	464	4576
464	4586	464	4577
465	4587	465	4590
465	4588	465	4589
465	4589	465	4587
465	4590	465	4591
465	4591	465	4588
466	4592	466	4597
466	4593	466	4605
466	4594	466	4593
466	4595	466	4602
466	4596	466	4600
466	4597	466	4594
466	4598	466	4604
466	4599	466	4592
466	4600	466	4601
466	4601	466	4596
466	4602	466	4595
466	4603	466	4599
466	4604	466	4603
466	4605	466	4598
467	4606	467	4606
467	4607	467	4608
467	4608	467	4610
467	4609	467	4607
467	4610	467	4609
468	4611	468	4625
468	4612	468	4620
468	4613	468	4622
468	4614	468	4627
468	4615	468	4626
468	4616	468	4624
468	4617	468	4613
468	4618	468	4619
468	4619	468	4621
468	4620	468	4623
468	4621	468	4618
468	4622	468	4628
468	4623	468	4616
468	4624	468	4612
468	4625	468	4614
468	4626	468	4617
468	4627	468	4611
468	4628	468	4615
469	4629	469	4634
469	4630	469	4633
469	4631	469	4641
469	4632	469	4640
469	4633	469	4650
469	4634	469	4632
469	4635	469	4642
469	4636	469	4629
469	4637	469	4631
469	4638	469	4652
469	4639	469	4636
469	4640	469	4648
469	4641	469	4639
469	4642	469	4645
469	4643	469	4653
469	4644	469	4637
469	4645	469	4635
469	4646	469	4646
469	4647	469	4630
469	4648	469	4655
469	4649	469	4654
469	4650	469	4638
469	4651	469	4643
469	4652	469	4649
469	4653	469	4644
469	4654	469	4651
469	4655	469	4647
470	4656	470	4679
470	4657	470	4657
470	4658	470	4665
470	4659	470	4663
470	4660	470	4666
470	4661	470	4669
470	4662	470	4659
470	4663	470	4660
470	4664	470	4680
470	4665	470	4668
470	4666	470	4656
470	4667	470	4677
470	4668	470	4661
470	4669	470	4673
470	4670	470	4681
470	4671	470	4671
470	4672	470	4678
470	4673	470	4672
470	4674	470	4658
470	4675	470	4662
470	4676	470	4674
470	4677	470	4675
470	4678	470	4667
470	4679	470	4670
470	4680	470	4676
470	4681	470	4664
471	4682	471	4683
471	4683	471	4682
471	4684	471	4684
471	4685	471	4685
472	4686	472	4690
472	4687	472	4694
472	4688	472	4686
472	4689	472	4696
472	4690	472	4692
472	4691	472	4695
472	4692	472	4687
472	4693	472	4688
472	4694	472	4691
472	4695	472	4689
472	4696	472	4697
472	4697	472	4693
473	4698	473	4702
473	4699	473	4703
473	4700	473	4707
473	4701	473	4706
473	4702	473	4699
473	4703	473	4708
473	4704	473	4700
473	4705	473	4705
473	4706	473	4698
473	4707	473	4701
473	4708	473	4704
474	4709	474	4714
474	4710	474	4719
474	4711	474	4717
474	4712	474	4718
474	4713	474	4711
474	4714	474	4713
474	4715	474	4722
474	4716	474	4710
474	4717	474	4723
474	4718	474	4720
474	4719	474	4715
474	4720	474	4712
474	4721	474	4724
474	4722	474	4709
474	4723	474	4716
474	4724	474	4721
475	4725	475	4728
475	4726	475	4726
475	4727	475	4736
475	4728	475	4732
475	4729	475	4731
475	4730	475	4729
475	4731	475	4733
475	4732	475	4725
475	4733	475	4730
475	4734	475	4735
475	4735	475	4734
475	4736	475	4727
475	4737	475	4737
476	4738	476	4740
476	4739	476	4738
476	4740	476	4739
477	4741	477	4756
477	4742	477	4745
477	4743	477	4749
477	4744	477	4746
477	4745	477	4752
477	4746	477	4748
477	4747	477	4750
477	4748	477	4755
477	4749	477	4742
477	4750	477	4754
477	4751	477	4751
477	4752	477	4743
477	4753	477	4753
477	4754	477	4741
477	4755	477	4747
477	4756	477	4744
478	4757	478	4760
478	4758	478	4763
478	4759	478	4759
478	4760	478	4758
478	4761	478	4757
478	4762	478	4764
478	4763	478	4762
478	4764	478	4761
478	4765	478	4766
478	4766	478	4765
479	4767	479	4775
479	4768	479	4769
479	4769	479	4767
479	4770	479	4768
479	4771	479	4773
479	4772	479	4771
479	4773	479	4770
479	4774	479	4772
479	4775	479	4774
480	4776	480	4781
480	4777	480	4779
480	4778	480	4776
480	4779	480	4778
480	4780	480	4777
480	4781	480	4782
480	4782	480	4780
481	4783	481	4813
481	4784	481	4785
481	4785	481	4810
481	4786	481	4801
481	4787	481	4788
481	4788	481	4803
481	4789	481	4799
481	4790	481	4807
481	4791	481	4809
481	4792	481	4795
481	4793	481	4811
481	4794	481	4792
481	4795	481	4800
481	4796	481	4783
481	4797	481	4786
481	4798	481	4806
481	4799	481	4798
481	4800	481	4815
481	4801	481	4804
481	4802	481	4790
481	4803	481	4793
481	4804	481	4784
481	4805	481	4805
481	4806	481	4791
481	4807	481	4812
481	4808	481	4797
481	4809	481	4794
481	4810	481	4802
481	4811	481	4814
481	4812	481	4787
481	4813	481	4796
481	4814	481	4789
481	4815	481	4808
482	4816	482	4831
482	4817	482	4828
482	4818	482	4839
482	4819	482	4819
482	4820	482	4837
482	4821	482	4835
482	4822	482	4833
482	4823	482	4820
482	4824	482	4821
482	4825	482	4834
482	4826	482	4842
482	4827	482	4818
482	4828	482	4841
482	4829	482	4845
482	4830	482	4847
482	4831	482	4846
482	4832	482	4827
482	4833	482	4843
482	4834	482	4840
482	4835	482	4832
482	4836	482	4826
482	4837	482	4825
482	4838	482	4836
482	4839	482	4829
482	4840	482	4816
482	4841	482	4838
482	4842	482	4830
482	4843	482	4844
482	4844	482	4824
482	4845	482	4817
482	4846	482	4823
482	4847	482	4822
483	4848	483	4851
483	4849	483	4849
483	4850	483	4850
483	4851	483	4856
483	4852	483	4858
483	4853	483	4852
483	4854	483	4855
483	4855	483	4859
483	4856	483	4860
483	4857	483	4853
483	4858	483	4857
483	4859	483	4854
483	4860	483	4848
484	4861	484	4879
484	4862	484	4883
484	4863	484	4889
484	4864	484	4876
484	4865	484	4892
484	4866	484	4886
484	4867	484	4880
484	4868	484	4891
484	4869	484	4882
484	4870	484	4864
484	4871	484	4887
484	4872	484	4888
484	4873	484	4861
484	4874	484	4875
484	4875	484	4863
484	4876	484	4866
484	4877	484	4868
484	4878	484	4885
484	4879	484	4865
484	4880	484	4881
484	4881	484	4894
484	4882	484	4870
484	4883	484	4893
484	4884	484	4878
484	4885	484	4890
484	4886	484	4862
484	4887	484	4874
484	4888	484	4873
484	4889	484	4877
484	4890	484	4867
484	4891	484	4869
484	4892	484	4872
484	4893	484	4871
484	4894	484	4884
485	4895	485	4900
485	4896	485	4909
485	4897	485	4911
485	4898	485	4907
485	4899	485	4904
485	4900	485	4910
485	4901	485	4905
485	4902	485	4896
485	4903	485	4899
485	4904	485	4902
485	4905	485	4908
485	4906	485	4903
485	4907	485	4901
485	4908	485	4898
485	4909	485	4895
485	4910	485	4897
485	4911	485	4906
488	4914	488	4914
488	4915	488	4916
488	4916	488	4915
489	4917	489	4932
489	4918	489	4931
489	4919	489	4927
489	4920	489	4930
489	4921	489	4922
489	4922	489	4926
489	4923	489	4923
489	4924	489	4919
489	4925	489	4928
489	4926	489	4917
489	4927	489	4921
489	4928	489	4918
489	4929	489	4925
489	4930	489	4924
489	4931	489	4929
489	4932	489	4920
490	4933	490	4941
490	4934	490	4937
490	4935	490	4949
490	4936	490	4933
490	4937	490	4948
490	4938	490	4934
490	4939	490	4936
490	4940	490	4940
490	4941	490	4950
490	4942	490	4938
490	4943	490	4939
490	4944	490	4943
490	4945	490	4944
490	4946	490	4942
490	4947	490	4946
490	4948	490	4935
490	4949	490	4947
490	4950	490	4945
491	4951	491	4953
491	4952	491	4954
491	4953	491	4956
491	4954	491	4952
491	4955	491	4957
491	4956	491	4951
491	4957	491	4955
492	4958	492	4958
492	4959	492	4963
492	4960	492	4964
492	4961	492	4959
492	4962	492	4961
492	4963	492	4962
492	4964	492	4960
493	4965	493	4969
493	4966	493	4970
493	4967	493	4967
493	4968	493	4972
493	4969	493	4968
493	4970	493	4965
493	4971	493	4971
493	4972	493	4975
493	4973	493	4973
493	4974	493	4966
493	4975	493	4974
494	4976	494	4984
494	4977	494	4986
494	4978	494	4985
494	4979	494	4978
494	4980	494	4977
494	4981	494	4989
494	4982	494	4981
494	4983	494	4979
494	4984	494	4980
494	4985	494	4990
494	4986	494	4988
494	4987	494	4987
494	4988	494	4976
494	4989	494	4983
494	4990	494	4982
495	4991	495	4992
495	4992	495	4991
495	4993	495	4993
496	4994	496	5005
496	4995	496	4999
496	4996	496	5019
496	4997	496	5013
496	4998	496	5010
496	4999	496	5018
496	5000	496	5021
496	5001	496	5024
496	5002	496	4998
496	5003	496	4996
496	5004	496	5023
496	5005	496	5000
496	5006	496	5011
496	5007	496	5017
496	5008	496	4997
496	5009	496	5007
496	5010	496	5002
496	5011	496	5020
496	5012	496	5001
496	5013	496	4995
496	5014	496	5003
496	5015	496	4994
496	5016	496	5008
496	5017	496	5006
496	5018	496	5016
496	5019	496	5026
496	5020	496	5014
496	5021	496	5004
496	5022	496	5009
496	5023	496	5015
496	5024	496	5022
496	5025	496	5025
496	5026	496	5012
497	5027	497	5030
497	5028	497	5031
497	5029	497	5032
497	5030	497	5043
497	5031	497	5040
497	5032	497	5027
497	5033	497	5038
497	5034	497	5044
497	5035	497	5029
497	5036	497	5046
497	5037	497	5034
497	5038	497	5036
497	5039	497	5042
497	5040	497	5033
497	5041	497	5039
497	5042	497	5035
497	5043	497	5028
497	5044	497	5037
497	5045	497	5047
497	5046	497	5045
497	5047	497	5041
498	5048	498	5052
498	5049	498	5049
498	5050	498	5051
498	5051	498	5048
498	5052	498	5050
499	5053	499	5065
499	5054	499	5056
499	5055	499	5053
499	5056	499	5066
499	5057	499	5058
499	5058	499	5061
499	5059	499	5057
499	5060	499	5064
499	5061	499	5063
499	5062	499	5054
499	5063	499	5059
499	5064	499	5055
499	5065	499	5060
499	5066	499	5062
500	5067	500	5071
500	5068	500	5091
500	5069	500	5074
500	5070	500	5069
500	5071	500	5080
500	5072	500	5072
500	5073	500	5096
500	5074	500	5082
500	5075	500	5076
500	5076	500	5067
500	5077	500	5078
500	5078	500	5095
500	5079	500	5081
500	5080	500	5075
500	5081	500	5084
500	5082	500	5085
500	5083	500	5087
500	5084	500	5073
500	5085	500	5089
500	5086	500	5092
500	5087	500	5093
500	5088	500	5079
500	5089	500	5068
500	5090	500	5094
500	5091	500	5090
500	5092	500	5088
500	5093	500	5083
500	5094	500	5086
500	5095	500	5077
500	5096	500	5070
501	5097	501	5098
501	5098	501	5099
501	5099	501	5102
501	5100	501	5105
501	5101	501	5097
501	5102	501	5100
501	5103	501	5106
501	5104	501	5101
501	5105	501	5104
501	5106	501	5107
501	5107	501	5103
